1	535	2.66657
1	589	2.84162
1	598	2.81183
1	623	3.02867
1	644	2.85488
1	773	3.65487
1	779	3.61871
1	803	3.82107
1	858	3.5764
1	925	2.80817
2	72	3.04648
2	77	3.12078
2	95	3.04648
2	109	3.04648
2	123	3.04648
2	136	3.16097
2	203	3.16096
2	253	3.6696
2	612	1.64195
2	638	4.74942
3	379	0.264342
3	576	0.445522
3	782	1.52218
3	833	2.60672
3	923	3.25353
3	926	6.32261
3	963	3.91705
3	975	4.10344
3	986	4.37219
3	1000	4.81326
4	25	2.51123
4	50	2.27138
4	149	2.95622
4	218	2.81434
4	233	4.52644
4	438	3.24112
4	466	3.41283
4	550	4.02234
4	665	4.06877
4	739	1.61757
5	138	3.89736
5	213	2.55664
5	249	2.86012
5	262	2.86819
5	263	3.25906
5	299	2.91251
5	336	2.96721
5	420	3.41245
5	464	3.50934
5	485	3.50934
6	24	2.64642
6	56	2.72742
6	65	2.64642
6	85	2.64642
6	128	2.64641
6	180	3.21343
6	199	2.75436
6	209	2.75436
6	235	3.263
6	829	6.36738
7	76	1.01935
7	388	1.97493
7	685	3.06638
7	693	3.19872
7	747	3.49429
7	763	3.85337
7	778	1.92106
7	821	4.34947
7	822	4.34171
7	890	4.40863
8	10	3.56158
8	494	2.85986
8	633	2.12418
8	673	2.32778
8	736	3.05193
8	780	3.08139
8	827	3.31439
8	847	3.70348
8	857	3.70348
8	863	3.99161
9	233	3.7874
9	542	2.34085
9	759	2.40962
9	811	2.98589
9	818	3.16024
9	820	2.98818
9	831	3.27075
9	848	3.39847
9	853	3.39847
9	864	3.68661
10	8	3.56158
10	494	1.83134
10	668	2.60798
10	713	3.08057
10	739	3.27969
10	740	2.73133
10	763	3.33376
10	805	3.51291
10	821	3.82986
10	822	3.8221
11	338	3.54101
11	553	1.86948
11	764	2.72582
11	790	3.10243
11	825	3.17105
11	828	3.46399
11	856	3.44839
11	865	3.55964
11	871	2.73075
11	886	3.95742
12	518	1.05945
12	536	3.46918
12	576	3.00477
12	744	3.05142
12	771	2.95791
12	798	3.25171
12	801	3.09487
12	878	3.99867
12	885	3.80853
12	900	4.07566
13	92	1.55168
13	295	1.97978
13	439	2.59948
13	592	3.26841
13	596	2.78703
13	650	3.3874
13	686	3.41799
13	732	3.86423
13	794	3.9939
13	835	4.83375
14	490	3.11158
14	533	3.10541
14	676	1.39203
14	806	2.19276
14	871	2.98434
14	901	3.20688
14	930	3.86878
14	935	3.82254
14	939	3.91544
14	942	3.91544
15	281	3.08184
15	286	2.63232
15	287	2.70066
15	343	3.21942
15	346	3.25754
15	451	3.32565
15	476	3.32565
15	493	3.75513
15	763	3.489
15	828	2.84652
16	873	1.93449
16	880	2.14987
16	920	4.14502
16	933	2.57243
16	951	3.07271
16	957	3.56885
16	971	3.70035
16	980	2.21824
16	984	4.05597
16	998	4.24354
17	571	2.22283
17	597	1.98565
17	742	3.30398
17	746	3.2252
17	758	3.03609
17	761	3.38816
17	766	3.3357
17	769	3.27873
17	807	3.50753
17	943	4.31087
18	19	1.51294
18	292	1.8369
18	598	3.23874
18	623	3.45558
18	636	1.5834
18	640	3.44908
18	672	3.47522
18	773	4.08178
18	803	4.24798
18	830	4.71532
19	18	1.51294
19	63	3.7119
19	535	2.81364
19	640	3.16923
19	660	3.07118
19	672	3.19538
19	683	2.65593
19	773	3.80194
19	779	3.76578
19	803	3.96814
20	582	0.9431
20	677	1.38469
20	814	2.33431
20	869	2.41753
20	876	2.43032
20	922	5.29428
20	948	3.61373
20	972	4.09832
20	991	4.52937
20	997	4.48995
21	79	2.63938
21	121	2.28604
21	200	2.91495
21	334	3.50254
21	370	3.11552
21	413	3.15927
21	456	3.64141
21	537	4.0391
21	569	2.10598
21	858	4.26331
22	41	2.98962
22	44	1.86573
22	61	2.98962
22	68	2.98962
22	73	2.98962
22	91	3.07062
22	146	3.10193
22	190	3.55663
22	300	3.61056
22	857	4.42916
23	616	2.27316
23	637	2.47447
23	714	3.27687
23	716	3.10631
23	733	3.28373
23	784	3.41149
23	823	3.57129
23	834	3.20746
23	850	3.90089
23	892	3.09932
24	6	2.64642
24	56	3.10548
24	65	3.02447
24	128	3.02447
24	180	3.59148
24	199	3.13242
24	209	3.13242
24	235	3.64106
24	622	2.17163
24	892	4.15959
25	4	2.51123
25	218	2.63553
25	318	3.07495
25	438	3.06231
25	454	3.10581
25	503	3.53964
25	561	1.50325
25	614	3.47879
25	665	3.88996
25	845	4.79414
26	537	2.28876
26	753	2.48959
26	771	2.71935
26	789	2.71617
26	798	3.01315
26	835	3.19277
26	878	3.76012
26	885	3.56997
26	900	3.8371
26	991	4.1721
27	244	2.06464
27	794	4.15016
27	912	2.32777
27	923	2.47066
27	936	2.8922
27	963	3.13419
27	964	3.07163
27	973	3.779
27	985	3.59239
27	1000	4.03039
28	66	2.66663
28	94	2.82632
28	100	2.74255
28	179	2.90534
28	181	3.06967
28	347	3.41602
28	432	3.51432
28	580	4.15737
28	938	2.24816
28	971	4.11902
29	473	1.78995
29	624	2.56571
29	679	2.27017
29	693	2.8108
29	747	3.10638
29	763	3.46545
29	805	3.6446
29	821	3.96155
29	822	3.95379
29	934	4.0799
30	40	2.7323
30	77	0.834985
30	139	2.81069
30	262	2.91557
30	263	3.30645
30	299	2.9599
30	420	3.45984
30	464	3.55673
30	485	3.55673
30	590	5.41119
31	539	1.70313
31	585	1.91704
31	603	2.18752
31	715	2.70258
31	819	3.75382
31	854	2.67575
31	881	4.13265
31	893	4.17392
31	905	4.24069
31	911	4.24069
32	324	2.71149
32	338	2.32106
32	351	2.7097
32	423	3.49446
32	447	2.79179
32	529	3.43992
32	556	3.3927
32	567	3.49481
32	631	3.52913
32	654	3.61733
33	54	2.94754
33	129	2.98412
33	202	3.02426
33	226	3.13078
33	275	3.13078
33	328	3.23727
33	342	3.60622
33	361	3.23727
33	442	3.52226
33	930	2.85111
34	207	2.25305
34	353	2.64852
34	454	2.74297
34	503	3.1768
34	550	3.48069
34	570	3.26055
34	582	3.34562
34	609	4.00024
34	614	3.11595
34	665	3.52712
35	231	2.53537
35	372	3.66382
35	430	2.70556
35	480	2.77152
35	529	3.36727
35	567	3.42216
35	631	3.45647
35	654	3.54468
35	661	3.4952
35	750	2.68822
36	383	0.173171
36	756	2.39663
36	789	3.87747
36	914	2.49134
36	946	3.18676
36	957	3.54377
36	984	4.03089
36	989	3.86953
36	990	3.78429
36	998	4.21846
37	54	2.95814
37	108	2.91106
37	215	3.03369
37	226	3.14139
37	275	3.14139
37	328	3.24787
37	342	3.61682
37	361	3.24787
37	396	4.11362
37	596	2.29924
38	227	0.16574
38	676	1.78269
38	711	2.47222
38	787	2.66744
38	901	3.59754
38	930	4.25943
38	935	4.2132
38	939	4.30609
38	942	4.30609
38	997	3.89659
39	604	0.908161
39	677	1.56526
39	814	2.51488
39	869	2.5981
39	870	2.63019
39	874	5.46531
39	876	2.6109
39	961	3.99843
39	991	4.70994
39	997	4.67052
40	30	2.7323
40	118	2.77586
40	139	2.89135
40	165	4.24146
40	249	2.98817
40	336	3.09526
40	385	2.32153
40	420	3.5405
40	464	3.63739
40	485	3.63739
41	22	2.98962
41	61	2.98962
41	73	2.98962
41	91	3.07062
41	96	2.98962
41	146	3.10193
41	190	3.55663
41	300	3.61056
41	462	1.36152
41	995	4.98939
42	391	2.98244
42	445	3.10029
42	457	3.13343
42	499	3.21641
42	515	3.21641
42	516	3.21641
42	525	3.21641
42	526	3.21641
42	743	1.93726
42	946	4.43079
43	229	2.56057
43	250	2.14189
43	385	2.72282
43	524	3.00357
43	547	3.16045
43	559	2.92695
43	577	3.34321
43	653	3.56972
43	700	3.95827
43	754	4.0748
44	22	1.86573
44	728	2.1274
44	765	2.63281
44	818	3.26612
44	820	3.09407
44	831	3.37663
44	848	3.50435
44	853	3.50435
44	864	3.79249
44	875	4.48862
45	60	2.28133
45	306	2.55641
45	463	3.16246
45	514	3.08825
45	586	3.68883
45	587	3.31458
45	607	3.41201
45	642	3.79436
45	673	1.29611
45	847	5.03163
46	64	2.94705
46	134	2.98386
46	159	2.98833
46	175	3.0523
46	197	2.98726
46	302	3.50049
46	308	3.19903
46	428	3.63991
46	616	4.4764
46	690	1.95558
47	122	0.14821
47	268	2.88606
47	302	3.36351
47	597	0.740142
47	879	3.04287
47	966	4.08792
47	968	4.11136
47	976	4.15229
47	983	4.51344
47	987	4.50197
48	259	1.06657
48	757	5.16015
48	833	1.8794
48	923	2.5262
48	936	2.94773
48	943	2.89931
48	973	3.83453
48	974	3.48026
48	986	3.64486
48	1000	4.08593
49	492	1.77107
49	535	2.00982
49	569	2.48841
49	610	2.54161
49	734	3.2302
49	743	3.34087
49	777	3.57516
49	817	3.99026
49	872	4.36062
49	888	4.33361
50	4	2.27138
50	353	2.77151
50	449	0.941612
50	466	2.99418
50	503	3.29979
50	550	3.60369
50	582	3.46861
50	614	3.23894
50	665	3.65012
50	943	5.34593
51	304	2.0576
51	349	2.19712
51	385	2.77405
51	427	2.26302
51	534	2.91313
51	577	3.39444
51	653	3.62094
51	700	4.00949
51	754	4.12603
51	812	4.32538
52	355	2.3717
52	541	4.14637
52	888	1.82571
52	915	2.25544
52	960	3.10453
52	978	3.31714
52	981	3.51053
52	982	3.52136
52	988	3.78036
52	999	3.98314
53	731	1.59297
53	786	4.7217
53	812	2.3329
53	845	2.98203
53	849	2.97028
53	854	2.94494
53	889	3.53905
53	899	3.50903
53	903	3.50365
53	908	3.51633
54	33	2.94754
54	37	2.95814
54	129	3.03084
54	202	3.07099
54	215	3.06981
54	328	3.28399
54	339	3.29743
54	342	3.65294
54	361	3.28399
54	559	2.9847
55	389	1.27023
55	744	3.59654
55	753	3.27326
55	801	3.63998
55	878	4.54379
55	885	4.35364
55	900	4.62078
55	908	1.29921
55	948	1.42205
55	965	3.60609
56	6	2.72742
56	24	3.10548
56	65	3.10548
56	85	3.10548
56	128	3.10548
56	199	3.21343
56	209	3.21343
56	216	2.4382
56	235	3.72206
56	694	3.90886
57	79	2.73226
57	121	2.37892
57	193	3.35406
57	196	2.86721
57	272	2.99299
57	370	3.2084
57	413	3.25215
57	456	3.7343
57	537	4.13198
57	628	2.89337
58	112	2.01147
58	306	2.31653
58	322	2.38714
58	398	2.63659
58	463	2.92258
58	514	2.84837
58	586	3.44895
58	607	3.17213
58	642	3.55447
58	710	6.35119
59	873	1.96854
59	894	2.03304
59	902	2.93053
59	914	2.55047
59	933	2.60648
59	974	3.40151
59	984	4.09002
59	989	3.92865
59	990	3.84342
59	998	4.27759
60	45	2.28133
60	112	2.59088
60	132	1.28783
60	214	2.43158
60	278	3.02715
60	514	3.42778
60	587	3.65411
60	607	3.75153
60	642	4.13388
60	855	5.0984
61	22	2.98962
61	41	2.98962
61	68	2.98962
61	91	3.07062
61	96	2.98962
61	146	3.10193
61	190	3.55663
61	203	1.66827
61	300	3.61056
61	935	4.67994
62	570	1.74658
62	632	1.24944
62	810	2.96163
62	812	2.70672
62	845	3.35585
62	849	3.3441
62	889	3.91287
62	903	3.87747
62	908	3.89015
62	955	4.48433
63	19	3.7119
63	194	2.5823
63	335	0.134405
63	851	1.95304
63	945	3.36522
63	954	3.53176
63	968	3.87736
63	976	3.91829
63	987	4.26797
63	992	4.25017
64	46	2.94705
64	144	3.05781
64	152	3.04968
64	159	3.0637
64	175	3.12767
64	197	3.06264
64	308	3.2744
64	428	3.71528
64	855	2.4837
64	964	3.88906
65	6	2.64642
65	24	3.02447
65	56	3.10548
65	85	3.02447
65	180	3.59148
65	199	3.13242
65	209	3.13242
65	224	1.42423
65	235	3.64106
65	850	4.8866
66	28	2.66663
66	179	2.64645
66	230	3.07898
66	257	2.75262
66	340	3.14648
66	423	2.01779
66	432	3.25544
66	555	3.85314
66	580	3.89848
66	873	4.23986
67	183	2.01376
67	470	2.38235
67	535	2.999
67	640	3.3546
67	644	3.18732
67	660	3.25654
67	779	3.95114
67	803	4.15351
67	849	1.636
67	855	4.72591
68	22	2.98962
68	61	2.98962
68	73	2.98962
68	91	3.07062
68	96	2.98962
68	99	2.88904
68	146	3.10193
68	190	3.55663
68	300	3.61056
68	744	3.37537
69	602	2.39216
69	722	2.911
69	746	3.26483
69	758	3.07572
69	766	3.37533
69	769	3.31835
69	795	3.41367
69	807	3.54716
69	907	3.33586
69	993	2.99655
70	451	2.52247
70	759	3.87748
70	904	2.33727
70	941	3.16894
70	950	3.10361
70	956	3.32954
70	958	2.93606
70	965	3.31921
70	967	3.51557
70	980	3.58803
71	112	2.32203
71	306	2.62709
71	322	2.6977
71	431	5.16402
71	514	3.15893
71	586	3.7595
71	587	3.38526
71	607	3.48269
71	642	3.86503
71	801	1.09447
72	2	3.04648
72	77	3.04648
72	82	3.47442
72	95	2.97217
72	116	3.4923
72	123	2.97217
72	136	3.08666
72	203	3.08666
72	253	3.5953
72	775	2.75266
73	22	2.98962
73	41	2.98962
73	68	2.98962
73	91	3.07062
73	96	2.98962
73	146	3.10193
73	190	3.55663
73	300	3.61056
73	687	2.9462
73	727	3.4062
74	385	1.27378
74	536	5.26372
74	690	2.11703
74	736	2.87472
74	780	2.90418
74	824	3.39817
74	827	3.13718
74	847	3.52627
74	857	3.52627
74	863	3.8144
75	528	1.18183
75	649	2.20868
75	715	2.39404
75	774	2.79099
75	815	3.37761
75	881	3.8241
75	893	3.86537
75	905	3.93215
75	911	3.93215
75	983	4.19668
76	7	1.01935
76	306	4.15857
76	355	2.39315
76	668	2.7391
76	739	3.41081
76	747	3.10581
76	763	3.46488
76	805	3.64404
76	821	3.96099
76	822	3.95323
77	2	3.12078
77	30	0.834985
77	72	3.04648
77	95	3.04648
77	109	3.04648
77	123	3.04648
77	136	3.16097
77	203	3.16097
77	253	3.6696
77	969	5.51556
78	219	1.83383
78	728	2.14919
78	765	2.6546
78	770	4.54096
78	811	3.11357
78	820	3.11586
78	831	3.39843
78	848	3.52615
78	853	3.52615
78	864	3.81428
79	21	2.63938
79	57	2.73226
79	200	2.85163
79	356	3.37291
79	370	3.0522
79	413	3.09595
79	456	3.57809
79	537	3.97578
79	930	2.90988
79	986	3.42208
80	201	0.32615
80	466	0.882269
80	539	1.94444
80	643	2.38007
80	774	3.34085
80	815	3.92747
80	893	4.41523
80	905	4.48201
80	911	4.48201
80	976	5.42863
81	176	2.9046
81	200	2.74352
81	272	2.72868
81	334	3.33111
81	356	3.2648
81	413	2.98784
81	456	3.46999
81	537	3.86767
81	598	2.84357
81	782	3.44688
82	72	3.47442
82	372	2.89438
82	808	1.40572
82	884	2.64509
82	950	3.26511
82	953	3.04992
82	955	3.26791
82	970	3.50893
82	993	3.95244
82	996	4.20311
83	294	1.60278
83	671	2.27937
83	731	2.54732
83	770	2.87674
83	781	4.63319
83	790	3.1742
83	825	3.24282
83	856	3.52016
83	862	3.62842
83	886	4.02919
84	412	0.137892
84	522	1.53337
84	743	2.78036
84	778	2.93249
84	817	3.42975
84	826	3.5915
84	838	3.59898
84	839	3.63163
84	872	3.80012
84	1000	6.16248
85	6	2.64642
85	56	3.10548
85	65	3.02447
85	128	3.02447
85	180	3.59148
85	199	3.13242
85	209	3.13242
85	235	3.64106
85	286	2.86384
85	662	3.54629
86	530	2.55119
86	601	0.674808
86	696	1.24552
86	855	2.53705
86	860	2.56343
86	951	4.04259
86	957	4.53873
86	959	3.85618
86	971	4.67023
86	984	5.02585
87	101	1.52018
87	647	2.86415
87	657	2.9253
87	704	3.22799
87	740	3.6861
87	745	3.54487
87	752	3.69558
87	781	3.83408
87	882	3.52649
87	886	2.78965
88	221	0.467309
88	477	2.58576
88	585	1.82278
88	774	3.00528
88	815	3.5919
88	833	3.80854
88	881	4.03839
88	893	4.07966
88	905	4.14644
88	911	4.14644
89	556	2.85651
89	746	3.49739
89	772	1.36641
89	797	1.7029
89	879	2.85979
89	919	3.27485
89	934	3.56941
89	966	3.90485
89	987	4.3189
89	992	4.3011
90	191	2.62291
90	237	2.6683
90	287	2.77115
90	343	3.28991
90	346	3.32803
90	451	3.39615
90	476	3.39615
90	493	3.82562
90	871	3.20143
90	884	3.06561
91	22	3.07062
91	41	3.07062
91	61	3.07062
91	68	3.07062
91	73	3.07062
91	96	3.07062
91	146	3.18293
91	300	3.69156
91	474	2.89283
91	910	3.43266
92	13	1.55168
92	510	0.862957
92	810	2.85412
92	840	4.77929
92	849	3.23659
92	854	3.21125
92	889	3.80536
92	899	3.77534
92	903	3.76996
92	908	3.78264
93	100	2.56842
93	179	2.7312
93	230	3.16374
93	266	3.08367
93	340	3.23123
93	347	3.24189
93	432	3.34019
93	555	3.93789
93	792	2.97725
93	958	3.36669
94	28	2.82632
94	100	2.64335
94	105	2.55796
94	181	2.97047
94	257	2.9123
94	347	3.31683
94	555	4.01283
94	580	4.05817
94	822	2.40819
94	951	3.90714
95	2	3.04648
95	72	2.97217
95	77	3.04648
95	109	2.97217
95	116	3.4923
95	136	3.08666
95	203	3.08666
95	253	3.5953
95	730	1.2734
95	986	5.03652
96	41	2.98962
96	61	2.98962
96	68	2.98962
96	73	2.98962
96	91	3.07062
96	146	3.10193
96	190	3.55663
96	300	3.61056
96	657	2.55637
96	864	3.77585
97	250	2.39962
97	251	2.15592
97	474	3.15916
97	490	3.11899
97	521	3.11987
97	559	3.18469
97	653	3.82745
97	697	1.67173
97	754	4.33253
97	976	4.67417
98	440	2.81213
98	453	3.69658
98	469	2.78748
98	484	2.82396
98	507	2.94992
98	572	3.37924
98	573	2.55246
98	620	3.51158
98	627	3.46663
98	639	3.56731
99	68	2.88904
99	496	1.57024
99	522	1.72981
99	726	3.36937
99	777	3.2111
99	826	3.78794
99	830	3.83778
99	838	3.79542
99	872	3.99656
99	937	3.44745
100	28	2.74255
100	93	2.56842
100	94	2.64335
100	181	2.8867
100	298	2.61919
100	340	3.22239
100	432	3.33136
100	555	3.92906
100	580	3.9744
100	899	3.78319
101	87	1.52018
101	575	2.92164
101	579	3.03848
101	650	4.02833
101	680	3.23105
101	704	3.26393
101	752	3.73153
101	762	3.7214
101	781	3.87002
101	993	2.32558
102	218	2.59115
102	297	2.7073
102	318	3.03057
102	353	2.96698
102	437	4.04058
102	466	3.18964
102	550	3.79915
102	570	3.57901
102	614	3.43441
102	703	2.2222
103	240	1.98747
103	476	4.28064
103	583	0.681654
103	708	1.4774
103	913	3.30812
103	926	3.27378
103	928	3.34359
103	959	4.05064
103	979	4.50454
103	994	4.65849
104	537	3.15451
104	727	0.927188
104	836	1.66109
104	917	3.27853
104	941	3.53363
104	953	3.25311
104	965	3.6839
104	967	3.88026
104	980	3.95273
104	996	4.4063
105	94	2.55796
105	181	2.80131
105	230	3.06951
105	257	2.74314
105	347	3.14766
105	432	3.24596
105	555	3.84367
105	580	3.88901
105	883	1.50914
105	920	4.85618
106	295	2.47415
106	640	3.96032
106	788	2.68208
106	800	2.64112
106	816	2.88866
106	852	3.22803
106	859	3.12627
106	861	3.20661
106	906	3.77568
106	920	3.74976
107	125	2.00767
107	223	4.35049
107	268	2.92739
107	365	2.97654
107	381	3.11021
107	434	3.1113
107	443	3.18583
107	444	3.18583
107	482	3.18583
107	504	3.6153
108	37	2.91106
108	202	3.02391
108	215	3.02273
108	226	3.13043
108	275	3.13043
108	328	3.23691
108	342	3.60586
108	361	3.23691
108	464	2.32172
108	851	3.98665
109	2	3.04648
109	77	3.04648
109	95	2.97217
109	116	3.49231
109	123	2.97217
109	136	3.08666
109	203	3.08666
109	253	3.5953
109	298	2.12714
109	792	4.2611
110	190	0.713846
110	662	5.65572
110	844	2.17669
110	867	2.14177
110	922	2.64014
110	928	2.85118
110	962	3.4621
110	977	3.91586
110	979	4.01213
110	995	4.09837
111	169	2.6646
111	309	1.4057
111	668	2.7623
111	693	2.83344
111	713	3.2349
111	739	3.43402
111	805	3.66724
111	821	3.98419
111	822	3.97643
111	900	3.68653
112	58	2.01147
112	60	2.59088
112	71	2.32203
112	400	3.17542
112	463	3.47201
112	586	3.99838
112	587	3.62413
112	588	3.07953
112	592	3.17141
112	642	4.10391
113	710	0.491107
113	750	1.31215
113	905	3.08242
113	929	2.79078
113	938	3.27455
113	960	3.66539
113	981	4.07139
113	982	4.08222
113	988	4.34121
113	999	4.54399
114	724	0.589698
114	768	3.66717
114	783	2.55546
114	855	1.93501
114	917	3.01915
114	944	3.12365
114	946	3.57968
114	989	4.26244
114	990	4.17721
114	998	4.61138
115	265	3.43801
115	498	2.7996
115	610	1.88979
115	726	3.08162
115	743	2.68904
115	817	3.33844
115	826	3.50018
115	830	3.55002
115	839	3.54032
115	872	3.7088
116	72	3.4923
116	95	3.4923
116	109	3.49231
116	123	3.4923
116	136	3.60679
116	203	3.60679
116	253	4.11543
116	624	1.94353
116	628	1.99816
116	974	2.39515
117	228	2.82466
117	295	1.98307
117	439	2.60277
117	489	3.48727
117	590	2.76399
117	592	3.2717
117	650	3.39069
117	686	3.42129
117	732	3.86752
117	794	3.99719
118	40	2.77586
118	249	2.95106
118	262	2.95913
118	263	3.35001
118	299	3.00345
118	336	3.05815
118	426	3.82099
118	464	3.60029
118	485	3.60029
118	816	2.42121
119	420	1.75503
119	424	4.71028
119	579	2.69017
119	662	2.65201
119	695	2.95527
119	740	3.37373
119	751	3.34905
119	752	3.38321
119	762	3.37309
119	781	3.52171
120	186	2.38896
120	225	2.31582
120	228	2.7733
120	368	2.67855
120	435	3.64365
120	461	3.29383
120	481	3.38713
120	646	3.92095
120	670	4.28316
120	725	2.95835
121	21	2.28604
121	57	2.37892
121	200	2.49829
121	272	2.48345
121	334	3.08588
121	356	3.01957
121	370	2.69886
121	440	6.30662
121	456	3.22475
121	537	3.62244
122	47	0.14821
122	171	3.39402
122	252	0.368775
122	434	2.91381
122	868	3.42247
122	918	3.50398
122	934	4.18773
122	954	4.20101
122	968	4.54661
122	992	4.91942
123	2	3.04648
123	72	2.97217
123	77	3.04648
123	109	2.97217
123	116	3.4923
123	136	3.08666
123	203	3.08666
123	253	3.5953
123	486	2.22475
123	876	4.02363
124	566	3.38917
124	651	2.90306
124	888	2.14273
124	909	2.32192
124	929	2.54695
124	931	2.89896
124	960	3.42156
124	981	3.82756
124	982	3.83838
124	999	4.30016
125	107	2.00767
125	168	2.01257
125	387	2.88627
125	517	2.74251
125	536	3.00373
125	563	3.34767
125	674	3.53666
125	694	3.88441
125	699	3.88441
125	936	4.31919
126	273	1.17451
126	578	1.51629
126	618	2.18681
126	753	3.00786
126	771	3.23763
126	798	3.53142
126	801	3.37459
126	821	5.15625
126	885	4.08825
126	900	4.35538
127	368	2.37811
127	435	3.34321
127	461	2.99338
127	486	2.88687
127	501	3.05525
127	541	3.03817
127	590	2.75619
127	646	3.6205
127	670	3.98271
127	963	3.49622
128	6	2.64641
128	24	3.02447
128	56	3.10548
128	85	3.02447
128	180	3.59148
128	199	3.13242
128	209	3.13242
128	235	3.64106
128	349	2.90992
128	466	3.33268
129	33	2.98412
129	54	3.03084
129	202	3.10757
129	215	3.10639
129	226	3.21409
129	275	3.21409
129	328	3.32057
129	361	3.32057
129	916	3.58925
129	969	2.78974
130	225	2.13762
130	368	2.50036
130	435	3.46546
130	486	3.00912
130	501	3.1775
130	541	3.16043
130	630	4.52081
130	646	3.74276
130	670	4.10496
130	926	1.82939
131	591	0.874685
131	785	2.76259
131	794	5.31391
131	811	2.93546
131	818	3.10981
131	820	2.93776
131	831	3.22032
131	848	3.34805
131	853	3.34805
131	864	3.63618
132	60	1.28783
132	363	2.06255
132	575	2.81107
132	680	3.12048
132	695	3.19302
132	704	3.15337
132	740	3.61148
132	751	3.5868
132	781	3.75946
132	932	5.02235
133	176	1.88688
133	191	2.57095
133	281	3.10037
133	286	2.65085
133	343	3.23795
133	346	3.27607
133	355	4.60958
133	451	3.34418
133	476	3.34419
133	493	3.77366
134	46	2.98386
134	144	3.09461
134	152	3.08648
134	175	3.16448
134	189	3.08146
134	197	3.09944
134	217	3.56985
134	302	3.61267
134	308	3.31121
134	428	3.75209
134	513	3.82367
135	142	1.40706
135	252	0.335908
135	362	0.173611
135	518	2.61108
135	646	3.31725
135	868	3.83188
135	934	4.59715
135	954	4.61042
135	966	4.93258
135	983	5.3581
135	987	5.34663
136	2	3.16097
136	72	3.08666
136	77	3.16097
136	95	3.08666
136	109	3.08666
136	116	3.60679
136	123	3.08666
136	203	3.20115
136	253	3.70978
136	615	2.96847
136	647	4.35574
137	416	1.78862
137	557	1.09011
137	884	2.86247
137	910	2.63478
137	950	3.4825
137	953	3.2673
137	956	3.70842
137	969	3.7533
137	980	3.96692
137	982	5.5377
137	996	4.42049
138	5	3.89736
138	250	2.35458
138	284	2.32673
138	385	2.93552
138	474	3.11412
138	521	3.07484
138	559	3.13965
138	653	3.78241
138	700	4.17096
138	754	4.28749
138	756	3.37177
139	30	2.81069
139	40	2.89135
139	210	3.18875
139	249	3.06656
139	262	3.07463
139	299	3.11895
139	336	3.17365
139	420	3.61889
139	464	3.71579
139	485	3.71579
139	888	4.17919
140	609	2.74506
140	652	2.74866
140	689	2.92112
140	698	0.000161125
140	719	3.15586
140	824	4.23579
140	847	4.36389
140	857	4.36389
140	863	4.65203
140	937	4.06411
140	956	3.25441
141	372	3.04948
141	416	2.77298
141	580	1.74152
141	596	3.30546
141	613	3.65408
141	634	3.57287
141	686	3.93643
141	732	4.38267
141	794	4.51233
141	846	1.20245
141	978	4.38233
142	135	1.40706
142	387	3.2466
142	410	3.32346
142	436	2.96627
142	505	3.51488
142	536	3.36407
142	563	3.70801
142	674	3.89699
142	694	4.24474
142	699	4.24474
142	821	2.57564
143	624	2.47534
143	685	2.5881
143	713	3.1219
143	739	3.32101
143	747	3.01601
143	763	3.37508
143	805	3.55424
143	821	3.87119
143	822	3.86342
143	904	2.33061
143	920	5.01594
144	64	3.05781
144	134	3.09461
144	152	3.08506
144	159	3.09908
144	189	3.08003
144	197	3.09802
144	211	1.80552
144	302	3.61124
144	308	3.30978
144	428	3.75067
144	500	5.38231
145	714	3.12149
145	787	4.11754
145	912	2.40945
145	923	2.55235
145	936	2.97388
145	963	3.21587
145	964	3.15331
145	973	3.86068
145	974	3.50641
145	975	3.40226
145	1000	4.11208
146	22	3.10193
146	41	3.10193
146	61	3.10193
146	68	3.10193
146	73	3.10193
146	91	3.18293
146	96	3.10193
146	190	3.66894
146	300	3.72287
146	958	4.12034
146	960	3.17816
147	306	2.65511
147	322	2.72572
147	398	2.97517
147	400	2.96457
147	463	3.26116
147	522	3.25991
147	586	3.78753
147	587	3.41328
147	607	3.51071
147	642	3.89306
147	700	4.14059
148	167	2.51874
148	204	2.85662
148	391	3.21287
148	457	3.36386
148	499	3.44684
148	515	3.44684
148	516	3.44684
148	525	3.44684
148	526	3.44684
148	879	2.37122
148	975	4.93693
149	4	2.95622
149	297	3.19668
149	318	3.51995
149	438	3.5073
149	466	3.67902
149	545	1.67141
149	570	4.06839
149	614	3.92379
149	665	4.33496
149	790	1.92067
149	957	3.69415
150	205	2.472
150	391	3.15945
150	445	3.2773
150	453	3.5204
150	457	3.31044
150	499	3.39342
150	515	3.39342
150	516	3.39342
150	525	3.39342
150	526	3.39342
150	714	3.72026
151	581	1.14128
151	606	5.78428
151	664	1.50223
151	757	1.92753
151	787	2.69377
151	806	2.60974
151	901	3.62386
151	930	4.28576
151	935	4.23952
151	939	4.33242
151	942	4.33242
152	64	3.04968
152	134	3.08648
152	144	3.08506
152	159	3.09095
152	175	3.15493
152	189	3.0719
152	302	3.60311
152	308	3.30165
152	428	3.74254
152	462	2.82789
152	998	4.46626
153	557	0.936625
153	569	1.97028
153	726	3.21532
153	734	2.71208
153	778	2.97487
153	817	3.47214
153	830	3.68372
153	832	6.29362
153	838	3.64137
153	839	3.67402
153	872	3.8425
154	208	0.336935
154	263	3.00438
154	592	4.235
154	697	1.60096
154	760	2.14965
154	814	2.96682
154	834	2.82967
154	952	4.28708
154	972	4.73084
154	991	5.16188
154	997	5.12246
155	275	2.47956
155	322	5.05569
155	422	1.33296
155	723	2.77147
155	764	2.99881
155	770	3.07796
155	790	3.37542
155	828	3.73699
155	862	3.82964
155	865	3.83263
155	886	4.23041
156	340	1.23321
156	632	1.45497
156	687	1.89862
156	755	2.37338
156	849	3.54962
156	854	3.52428
156	889	4.11839
156	899	4.08837
156	903	4.08299
156	908	4.09567
156	924	6.00866
157	712	2.49199
157	832	1.61085
157	897	4.80718
157	916	2.5818
157	938	2.97433
157	949	3.26595
157	959	3.35877
157	977	3.7164
157	979	3.81267
157	994	3.96661
157	995	3.89891
158	159	3.54127
158	706	0.798201
158	747	3.75884
158	915	2.85382
158	927	2.84987
158	929	2.8283
158	932	3.07322
158	960	3.70291
158	982	4.11974
158	988	4.37873
158	999	4.58151
159	46	2.98833
159	64	3.0637
159	144	3.09908
159	152	3.09095
159	158	3.54127
159	175	3.16895
159	189	3.08593
159	302	3.61714
159	308	3.31568
159	381	3.78153
159	428	3.75656
160	488	3.1871
160	519	1.53318
160	528	1.66067
160	603	2.35782
160	643	2.30905
160	815	3.85645
160	866	4.11761
160	881	4.30294
160	893	4.34421
160	905	4.41099
160	911	4.41099
161	180	1.29241
161	768	2.70435
161	842	1.81777
161	939	3.17944
161	955	3.48484
161	956	3.70797
161	967	3.894
161	970	3.72586
161	980	3.96646
161	993	4.16937
161	996	4.42004
162	333	1.66651
162	542	2.48483
162	655	3.47378
162	659	2.81505
162	714	3.53537
162	716	3.36481
162	784	3.66999
162	791	3.66056
162	823	3.82979
162	850	4.15939
162	977	3.89648
163	527	0.875679
163	597	1.25377
163	797	2.39959
163	879	3.55649
163	918	3.58236
163	919	3.97155
163	954	4.27939
163	966	4.60154
163	971	4.43981
163	976	4.66591
163	998	2.88228
164	510	1.06473
164	583	3.8093
164	755	2.26212
164	810	3.05589
164	845	3.45012
164	854	3.41303
164	889	4.00714
164	899	3.97711
164	903	3.97174
164	908	3.98442
164	924	3.53948
165	40	4.24146
165	467	2.98168
165	549	0.567151
165	612	0.726786
165	956	3.78292
165	965	3.77259
165	967	3.96895
165	969	3.82779
165	970	3.80081
165	993	4.24432
165	996	4.49499
166	577	3.60176
166	578	1.39438
166	679	2.20874
166	709	3.8145
166	771	3.11572
166	789	3.11254
166	798	3.40951
166	835	3.58914
166	878	4.15648
166	885	3.96634
166	900	4.23347
167	148	2.51874
167	205	2.55208
167	418	4.61849
167	445	3.35739
167	457	3.39053
167	499	3.47351
167	515	3.47351
167	516	3.47351
167	525	3.47351
167	526	3.47351
167	737	2.78485
168	125	2.01257
168	277	2.60248
168	296	2.68903
168	319	2.81883
168	387	3.33941
168	436	3.05907
168	674	3.9898
168	694	4.33755
168	699	4.33755
168	917	3.00857
168	990	4.31578
169	111	2.6646
169	217	0.416137
169	793	1.90422
169	936	3.27993
169	943	3.23151
169	962	4.62188
169	973	4.16673
169	974	3.81246
169	985	3.98012
169	986	3.97706
169	1000	4.41813
170	386	2.27621
170	728	2.33076
170	759	2.71888
170	765	2.83618
170	785	3.12226
170	800	5.06567
170	818	3.46949
170	820	3.29743
170	848	3.70772
170	853	3.70772
170	864	3.99586
171	122	3.39402
171	718	2.05778
171	738	2.51154
171	778	3.90437
171	800	2.89197
171	816	3.13951
171	852	3.47888
171	861	3.45746
171	866	3.62201
171	906	4.02653
171	920	4.00061
172	460	0.858323
172	605	1.09916
172	624	1.66237
172	900	1.48252
172	919	4.01095
172	945	4.15224
172	959	4.23021
172	966	4.64094
172	968	4.66438
172	976	4.70531
172	987	5.05499
173	225	3.11277
173	352	0.898887
173	415	1.35509
173	539	1.93963
173	774	3.33604
173	795	4.18152
173	815	3.92266
173	881	4.36915
173	893	4.41042
173	905	4.4772
173	911	4.4772
174	438	3.03884
174	656	0.0903889
174	867	4.27216
174	894	2.35522
174	914	2.87266
174	944	3.11205
174	946	3.56807
174	957	3.92509
174	984	4.41221
174	989	4.25084
174	998	4.59977
175	46	3.0523
175	64	3.12767
175	134	3.16448
175	152	3.15493
175	159	3.16895
175	189	3.1499
175	197	3.16789
175	308	3.37965
175	428	3.82053
175	511	1.48612
175	897	5.80264
176	81	2.9046
176	133	1.88688
176	196	3.14765
176	334	3.87587
176	356	3.80955
176	370	3.48885
176	401	3.68025
176	413	3.5326
176	456	4.01474
176	537	4.41243
176	751	1.66937
177	206	2.14888
177	599	2.75367
177	722	3.38791
177	742	3.82051
177	758	3.55263
177	761	3.9047
177	766	3.85223
177	795	3.89058
177	807	4.02406
177	858	1.27542
177	916	3.98014
178	259	3.01213
178	315	3.06279
178	381	3.20586
178	413	2.02086
178	421	3.14315
178	434	3.20695
178	443	3.28149
178	444	3.28149
178	482	3.28149
178	504	3.71096
178	961	5.36976
179	28	2.90534
179	66	2.64645
179	93	2.7312
179	181	3.04949
179	257	2.99132
179	266	3.23762
179	317	2.18948
179	347	3.39584
179	555	4.09185
179	580	4.13719
179	783	4.95185
180	6	3.21343
180	24	3.59148
180	65	3.59148
180	85	3.59148
180	128	3.59148
180	161	1.29241
180	199	3.69943
180	209	3.69943
180	235	4.20807
180	372	3.91845
180	619	2.14432
181	28	3.06967
181	94	2.97047
181	100	2.8867
181	105	2.80131
181	179	3.04949
181	257	3.15566
181	266	3.40195
181	340	3.54952
181	580	4.30152
181	717	3.04401
181	816	4.22341
182	593	3.11411
182	744	2.91711
182	753	2.59384
182	789	2.82042
182	798	3.1174
182	801	2.96056
182	835	3.29703
182	878	3.86437
182	885	3.67422
182	893	4.13451
182	900	3.94135
183	67	2.01376
183	355	2.45353
183	360	2.98948
183	405	2.59696
183	589	3.58398
183	598	3.55418
183	640	3.76452
183	660	3.66647
183	803	4.56343
183	961	4.89726
183	974	2.4428
184	486	4.40104
184	601	2.73697
184	658	0.753073
184	868	2.76062
184	919	3.23132
184	934	3.52588
184	945	3.37261
184	954	3.53916
184	966	3.86131
184	968	3.88476
184	992	4.25756
185	561	1.22628
185	759	2.76396
185	785	3.16734
185	818	3.51457
185	820	3.34252
185	831	3.62508
185	833	4.22925
185	848	3.7528
185	853	3.7528
185	864	4.04094
185	875	3.13007
186	120	2.38896
186	213	2.87482
186	300	1.11477
186	332	2.54036
186	350	3.00234
186	461	3.3616
186	486	3.25509
186	501	3.42347
186	646	3.98872
186	670	4.35093
186	921	6.27301
187	514	1.702
187	874	2.04208
187	877	2.11724
187	915	2.70167
187	931	3.02816
187	932	2.92107
187	978	3.76337
187	981	3.95676
187	988	4.22658
187	997	5.61202
187	999	4.42936
188	547	1.45535
188	666	2.24761
188	756	2.65086
188	800	3.15862
188	852	3.74553
188	859	3.64377
188	861	3.72411
188	906	4.29318
188	920	4.26726
188	931	3.70174
188	992	3.63128
189	134	3.08146
189	144	3.08003
189	152	3.0719
189	159	3.08593
189	175	3.1499
189	197	3.08486
189	302	3.59809
189	308	3.29663
189	428	3.73751
189	750	3.16706
189	911	4.08165
190	22	3.55663
190	41	3.55663
190	61	3.55663
190	68	3.55663
190	73	3.55663
190	96	3.55663
190	110	0.713846
190	146	3.66894
190	300	4.17757
190	915	2.42881
190	958	4.15914
191	90	2.62291
191	133	2.57095
191	208	3.36292
191	237	2.85646
191	287	2.95931
191	343	3.47807
191	346	3.51619
191	451	3.58431
191	476	3.58431
191	493	4.01378
191	706	3.85578
192	636	0.956295
192	694	2.19667
192	867	2.43664
192	913	3.11057
192	922	2.93501
192	924	3.37636
192	948	5.11985
192	949	3.76028
192	962	3.75697
192	994	4.46095
192	995	4.39324
193	57	3.35406
193	279	3.97412
193	744	2.94976
193	753	2.62648
193	771	2.85625
193	789	2.85307
193	801	2.99321
193	835	3.32967
193	878	3.89701
193	885	3.70687
193	900	3.974
194	63	2.5823
194	239	2.44557
194	338	2.39602
194	430	2.85318
194	529	3.51489
194	556	3.46766
194	567	3.56978
194	631	3.60409
194	654	3.6923
194	661	3.64282
194	847	4.73357
195	292	2.63991
195	319	2.40796
195	387	2.92853
195	505	3.19681
195	517	2.78477
195	536	3.046
195	563	3.38994
195	674	3.57892
195	694	3.92668
195	699	3.92668
195	952	4.72812
196	57	2.86721
196	176	3.14765
196	200	2.98658
196	272	2.97173
196	334	3.57417
196	356	3.50785
196	370	3.18715
196	413	3.2309
196	456	3.71304
196	761	3.72102
196	913	3.62405
197	46	2.98726
197	64	3.06264
197	134	3.09944
197	144	3.09802
197	175	3.16789
197	189	3.08486
197	227	4.80432
197	302	3.61608
197	308	3.31461
197	428	3.7555
197	568	2.72194
198	223	2.28466
198	392	2.91397
198	484	2.94473
198	507	3.07069
198	519	2.1434
198	572	3.50001
198	611	3.5644
198	620	3.63235
198	627	3.5874
198	639	3.68809
198	888	5.16581
199	6	2.75436
199	24	3.13242
199	56	3.21343
199	65	3.13242
199	85	3.13242
199	128	3.13242
199	180	3.69943
199	209	3.24037
199	235	3.74901
199	247	4.22374
199	445	3.13473
200	21	2.91495
200	79	2.85163
200	81	2.74352
200	121	2.49829
200	196	2.98658
200	334	3.71479
200	413	3.37152
200	456	3.85366
200	537	4.25135
200	608	1.49926
200	975	5.80577
201	80	0.32615
201	410	0.789389
201	603	2.65472
201	610	2.76029
201	643	2.60596
201	815	4.15335
201	829	4.59677
201	881	4.59984
201	893	4.64111
201	905	4.70789
201	911	4.70789
202	33	3.02426
202	54	3.07099
202	108	3.02391
202	129	3.10757
202	226	3.25423
202	275	3.25423
202	328	3.36072
202	342	3.72967
202	361	3.36072
202	366	3.30952
202	856	3.98293
203	2	3.16096
203	61	1.66827
203	72	3.08666
203	77	3.16097
203	95	3.08666
203	109	3.08666
203	116	3.60679
203	123	3.08666
203	136	3.20115
203	253	3.70978
203	926	5.62636
204	148	2.85662
204	348	1.4881
204	391	3.57742
204	445	3.69527
204	499	3.81139
204	515	3.81139
204	516	3.8114
204	525	3.8114
204	526	3.8114
204	683	2.78634
204	824	2.99259
205	150	2.472
205	167	2.55208
205	445	3.36406
205	457	3.3972
205	499	3.48019
205	515	3.48019
205	516	3.48019
205	525	3.48019
205	526	3.48019
205	901	3.77142
205	965	3.54767
206	177	2.14888
206	726	3.08227
206	743	2.6897
206	777	2.92399
206	778	2.84183
206	817	3.33909
206	830	3.55068
206	838	3.50832
206	839	3.54097
206	844	5.11137
206	872	3.70945
207	34	2.25305
207	491	1.20961
207	651	1.95269
207	788	3.17798
207	800	3.13702
207	859	3.62217
207	861	3.70251
207	866	3.86706
207	906	4.27158
207	920	4.24566
207	983	5.08385
208	154	0.336935
208	191	3.36292
208	359	0.999051
208	829	3.00834
208	834	3.04
208	858	3.06372
208	865	3.95616
208	925	4.28822
208	948	4.45656
208	961	4.66069
208	997	5.33279
209	6	2.75436
209	24	3.13242
209	56	3.21343
209	65	3.13242
209	85	3.13242
209	128	3.13242
209	180	3.69943
209	199	3.24037
209	235	3.74901
209	318	2.96845
209	879	4.3517
210	139	3.18875
210	299	4.06475
210	749	2.00565
210	799	2.27991
210	806	2.42617
210	846	2.80098
210	871	3.21775
210	930	4.10219
210	935	4.05595
210	939	4.14885
210	942	4.14885
211	144	1.80552
211	711	2.18875
211	755	2.53448
211	760	3.66029
211	839	1.97599
211	845	3.72248
211	849	3.71073
211	889	4.2795
211	899	4.24948
211	903	4.2441
211	908	4.25678
212	288	2.25155
212	323	2.40973
212	372	2.76076
212	571	3.09375
212	592	3.49812
212	596	3.01674
212	634	3.28415
212	652	4.15421
212	686	3.6477
212	732	4.09394
212	794	4.22361
213	5	2.55664
213	186	2.87482
213	228	3.25916
213	332	2.95844
213	350	3.42042
213	486	3.67317
213	541	3.82448
213	634	0.763195
213	646	4.4068
213	670	4.76901
213	911	3.90136
214	60	2.43158
214	278	2.83787
214	322	2.77727
214	400	3.01612
214	404	2.72204
214	463	3.3127
214	473	4.50835
214	586	3.83907
214	587	3.46483
214	607	3.56226
214	642	3.9446
215	37	3.03369
215	54	3.06981
215	108	3.02273
215	129	3.10639
215	226	3.25305
215	275	3.25305
215	300	3.11791
215	328	3.35954
215	342	3.72849
215	361	3.35954
215	900	4.2243
216	56	2.4382
216	566	1.95334
216	609	2.35161
216	669	2.49581
216	719	2.76241
216	824	3.84234
216	827	3.58135
216	847	3.97044
216	857	3.97044
216	863	4.25857
216	942	4.85954
217	134	3.56985
217	169	0.416137
217	389	3.68765
217	554	0.803952
217	667	1.8214
217	840	2.72404
217	912	3.93037
217	943	4.44638
217	963	4.73679
217	964	4.67423
217	1000	5.633
218	4	2.81434
218	25	2.63553
218	102	2.59115
218	318	3.37807
218	367	2.66293
218	454	3.40892
218	466	3.53714
218	550	4.14665
218	582	4.01158
218	589	0.424878
218	921	6.94356
219	78	1.83383
219	787	2.3252
219	806	2.24118
219	846	2.61599
219	871	3.03276
219	901	3.2553
219	930	3.91719
219	935	3.87096
219	939	3.96386
219	942	3.96386
219	988	5.45297
220	294	1.75753
220	564	3.18526
220	600	2.71662
220	622	2.99142
220	649	3.0684
220	737	3.65838
220	769	4.11307
220	796	3.83971
220	804	4.12926
220	809	3.83971
220	954	3.18979
221	88	0.467309
221	415	1.58344
221	528	1.95524
221	585	2.3819
221	815	4.15102
221	825	4.08094
221	881	4.59751
221	893	4.63878
221	905	4.70555
221	911	4.70555
221	949	3.32928
222	498	0.230142
222	598	2.66881
222	662	4.65504
222	841	2.33608
222	892	2.71653
222	925	3.4302
222	948	3.59855
222	961	3.80268
222	972	4.08315
222	991	4.51419
222	997	4.47477
223	107	4.35049
223	198	2.28466
223	243	2.47505
223	386	2.96998
223	484	3.14595
223	502	3.12095
223	545	2.92797
223	572	3.70123
223	611	3.76562
223	620	3.83357
223	639	3.8893
224	65	1.42423
224	375	1.35449
224	742	3.47678
224	746	3.398
224	758	3.20889
224	761	3.56096
224	766	3.5085
224	769	3.45152
224	795	3.54684
224	807	3.68033
224	881	5.89573
225	120	2.31582
225	130	2.13762
225	173	3.11277
225	350	2.92919
225	435	3.63828
225	461	3.28845
225	501	3.35032
225	541	3.33325
225	564	4.18678
225	646	3.91557
225	670	4.27778
226	33	3.13078
226	37	3.14139
226	108	3.13043
226	129	3.21409
226	202	3.25423
226	215	3.25305
226	251	4.97727
226	275	3.36075
226	328	3.46724
226	342	3.83619
226	361	3.46724
226	661	3.44088
227	38	0.16574
227	197	4.80432
227	252	3.39474
227	581	1.48325
227	720	2.01276
227	846	3.32652
227	871	3.74329
227	901	3.96583
227	930	4.62773
227	935	4.58149
227	939	4.67439
227	942	4.67439
228	117	2.82466
228	120	2.7733
228	213	3.25916
228	368	3.13067
228	461	3.74594
228	486	3.63943
228	501	3.80781
228	541	3.79073
228	556	1.21327
228	646	4.37306
228	670	4.73527
228	988	4.26428
229	43	2.56057
229	251	2.79459
229	262	2.58577
229	284	3.01044
229	349	3.04229
229	474	3.79783
229	490	3.75767
229	585	2.51372
229	653	4.46612
229	700	4.85467
229	754	4.9712
229	779	3.2812
230	66	3.07898
230	93	3.16374
230	105	3.06951
230	257	3.42385
230	266	3.67015
230	347	3.82838
230	432	3.92668
230	555	4.52438
230	580	4.56972
230	621	2.8651
230	969	4.22659
230	972	1.25172
231	35	2.53537
231	234	2.95125
231	239	3.11282
231	376	2.17805
231	430	3.52043
231	529	4.18214
231	556	4.13492
231	567	4.23703
231	631	4.27134
231	661	4.31007
231	742	1.9041
231	796	4.34066
232	347	1.69251
232	568	1.50272
232	728	2.52049
232	765	3.0259
232	785	3.31199
232	811	3.48486
232	818	3.65922
232	831	3.76973
232	848	3.89745
232	853	3.89745
232	864	4.18558
232	931	6.63276
233	4	4.52644
233	9	3.7874
233	333	1.96077
233	483	2.20445
233	542	2.77909
233	574	2.9481
233	617	3.02971
233	733	3.83649
233	784	3.96425
233	791	3.95482
233	823	4.12405
233	850	4.45365
234	231	2.95125
234	239	2.71383
234	293	2.82243
234	324	3.05472
234	447	3.13502
234	480	3.18741
234	497	4.61059
234	529	3.78315
234	556	3.73593
234	572	3.54041
234	654	3.96056
234	661	3.91108
235	6	3.263
235	24	3.64106
235	56	3.72206
235	65	3.64106
235	85	3.64106
235	128	3.64106
235	180	4.20807
235	199	3.74901
235	209	3.74901
235	916	3.31112
235	940	1.96926
235	991	3.12654
236	786	3.59817
236	882	2.28045
236	884	2.70334
236	947	3.14309
236	950	3.32336
236	953	3.10817
236	961	4.78523
236	965	3.53896
236	967	3.73531
236	969	3.59416
236	970	3.56718
236	996	4.26136
237	90	2.6683
237	191	2.85646
237	281	3.38588
237	286	2.93637
237	287	3.00471
237	343	3.52347
237	346	3.56159
237	451	3.6297
237	476	3.6297
237	493	4.05918
237	508	1.77503
237	760	6.69709
238	280	3.66511
238	424	1.38372
238	635	0.861202
238	663	2.43097
238	711	2.99694
238	741	3.40264
238	812	3.88154
238	845	4.53067
238	849	4.51892
238	899	5.05767
238	903	5.05229
238	924	3.78729
239	194	2.44557
239	231	3.11282
239	234	2.71383
239	331	3.10631
239	338	2.82586
239	430	3.28302
239	447	3.29659
239	480	3.34898
239	631	4.03393
239	654	4.12213
239	661	4.07265
239	878	5.20652
240	103	1.98747
240	523	2.69043
240	564	3.57728
240	600	3.10864
240	622	3.38345
240	649	3.46043
240	737	4.05041
240	769	3.13158
240	796	4.23173
240	804	4.52129
240	809	4.23173
240	859	3.23859
241	745	5.58595
241	750	1.38012
241	764	2.72603
241	887	2.12798
241	909	2.63372
241	929	2.85875
241	931	3.21076
241	960	3.73336
241	981	4.13936
241	982	4.15019
241	988	4.40918
241	999	4.61196
242	331	3.06852
242	520	0.530344
242	531	1.106
242	642	5.24843
242	834	2.50006
242	883	3.30695
242	925	3.74828
242	948	3.91663
242	961	4.12076
242	972	4.40123
242	991	4.83227
242	997	4.79285
243	223	2.47505
243	358	3.78943
243	386	2.95915
243	392	3.10437
243	440	3.12329
243	469	3.09864
243	507	3.26108
243	611	3.75479
243	620	3.82274
243	627	3.77779
243	639	3.87848
243	733	4.52238
244	27	2.06464
244	357	3.61118
244	808	1.97336
244	910	2.98503
244	935	2.69198
244	941	3.89807
244	950	3.83275
244	955	3.83554
244	956	4.05867
244	965	4.04834
244	969	4.10355
244	993	4.52007
245	345	1.77985
245	477	0.608242
245	729	1.43006
245	833	3.38266
245	894	2.21618
245	923	4.02946
245	936	4.45099
245	961	4.44124
245	963	4.69298
245	964	4.63043
245	975	4.87937
245	985	5.15118
246	597	1.00753
246	725	1.61739
246	799	3.5143
246	827	4.83927
246	851	2.45443
246	868	3.25461
246	897	3.28671
246	919	3.72532
246	954	4.03315
246	966	4.35531
246	987	4.76936
