1	529	0.796627
1	717	2.77594
1	759	2.17225
1	789	2.59497
1	802	2.89031
1	830	3.11618
1	902	4.04308
1	915	4.22621
1	924	4.18725
1	937	4.43362
2	82	1.92321
2	370	2.59032
2	456	2.86468
2	518	2.99859
2	545	3.32898
2	596	3.53192
2	601	3.52238
2	636	3.67044
2	652	4.02998
2	785	3.23206
3	521	2.6677
3	688	2.34491
3	698	2.25641
3	722	2.57364
3	831	3.2966
3	849	3.43213
3	851	3.42814
3	857	3.75528
3	867	3.56553
3	870	3.80784
4	39	2.55095
4	90	2.55113
4	125	2.72187
4	146	2.88889
4	151	2.71569
4	463	3.48031
4	468	3.48031
4	516	3.87199
4	521	4.19936
4	694	3.3565
5	524	3.44856
5	562	0.83748
5	792	2.35435
5	859	3.26364
5	876	3.34866
5	880	3.1944
5	899	3.65229
5	915	3.88041
5	924	3.84145
5	937	4.08782
6	245	2.30056
6	266	2.49893
6	376	2.69278
6	423	2.806
6	458	2.75977
6	643	3.72637
6	650	3.85914
6	677	3.90847
6	680	3.90847
6	704	2.08216
7	888	3.29642
7	981	2.88951
7	984	2.88903
7	987	2.88903
7	989	3.10556
7	991	3.12478
7	994	3.39065
7	995	3.39065
7	996	3.39065
7	997	3.39065
8	65	3.31076
8	76	2.913
8	102	3.01107
8	170	3.05526
8	189	3.05526
8	237	3.15947
8	243	3.15947
8	256	3.15947
8	282	3.63673
8	548	7.00928
9	29	2.75759
9	92	2.85195
9	199	3.06326
9	241	3.0727
9	244	3.06189
9	285	3.21742
9	300	3.54996
9	303	3.21742
9	331	3.66832
9	586	2.90506
10	29	2.75759
10	92	2.85195
10	199	3.06326
10	241	3.0727
10	246	3.06189
10	285	3.21742
10	300	3.54996
10	303	3.21742
10	331	3.66832
10	873	3.50662
11	13	3.04078
11	27	3.04078
11	48	3.04078
11	53	3.04078
11	73	3.04078
11	85	3.04078
11	99	3.04078
11	108	3.58754
11	116	3.58754
11	297	4.68722
12	33	2.5316
12	39	2.59541
12	90	2.59559
12	125	2.76633
12	183	2.76175
12	463	3.52477
12	468	3.52477
12	516	3.91645
12	521	4.24382
12	549	2.98985
13	11	3.04078
13	27	3.04078
13	48	3.04078
13	53	3.04078
13	73	3.04078
13	85	3.04078
13	99	3.04078
13	108	3.58754
13	116	3.58754
13	631	1.8655
14	405	2.80018
14	594	0.752065
14	830	2.82798
14	835	2.80698
14	859	3.32125
14	866	3.05983
14	899	3.70989
14	915	3.93802
14	924	3.89905
14	937	4.14542
15	313	1.14382
15	621	2.62849
15	639	2.75874
15	708	3.43088
15	736	3.26535
15	765	3.9426
15	782	3.61488
15	810	3.68059
15	813	3.96887
15	824	3.96887
16	46	2.93321
16	117	3.07729
16	148	3.07729
16	161	2.76776
16	197	3.22553
16	229	3.22553
16	240	3.22553
16	251	3.22553
16	294	3.7028
16	308	4.68722
17	62	3.10676
17	78	3.10676
17	93	2.76156
17	109	3.24757
17	120	3.24757
17	132	3.24757
17	136	3.24757
17	172	3.24757
17	186	3.24757
17	991	3.39355
18	65	3.31076
18	76	2.913
18	102	3.01107
18	170	3.05526
18	189	3.05526
18	237	3.15947
18	243	3.15947
18	256	3.15947
18	282	3.63673
18	842	3.73072
19	788	2.20626
19	802	2.29543
19	876	3.09958
19	880	2.94533
19	899	3.40322
19	902	3.44821
19	915	3.63134
19	924	3.59238
19	937	3.83874
19	982	5.0902
20	177	2.91446
20	209	2.85333
20	287	3.01375
20	307	3.35126
20	310	3.02849
20	335	3.16616
20	338	3.16616
20	341	3.48344
20	380	3.48344
20	977	3.1395
21	177	3.64829
21	702	2.08086
21	785	2.76139
21	822	3.09393
21	831	3.16973
21	849	3.30526
21	851	3.30127
21	857	3.62841
21	867	3.43867
21	870	3.68097
22	47	3.00856
22	68	3.07799
22	96	3.00856
22	133	3.16028
22	145	3.16028
22	158	3.16028
22	174	3.564
22	184	3.16028
22	187	3.16028
22	450	5.80948
23	171	1.66068
23	382	2.02019
23	623	3.16671
23	630	3.09302
23	637	3.22001
23	671	3.48179
23	751	3.86073
23	764	3.85059
23	814	4.10677
23	994	3.58876
24	327	4.68722
24	635	2.30563
24	696	2.61114
24	703	2.50258
24	784	3.08125
24	816	3.39085
24	826	3.41232
24	840	3.74927
24	846	3.72039
24	854	3.68705
25	388	1.56408
25	446	3.08537
25	548	1.25679
25	720	2.83009
25	760	2.98498
25	822	3.63019
25	851	3.83754
25	857	4.16468
25	867	3.97493
25	870	4.21723
26	685	3.44888
26	705	1.18473
26	804	2.23053
26	874	2.98488
26	877	3.13933
26	904	3.56713
26	905	3.7813
26	908	3.35689
26	925	3.70849
26	959	4.50722
27	11	3.04078
27	13	3.04078
27	48	3.04078
27	53	3.04078
27	73	3.04078
27	85	3.04078
27	99	3.04078
27	108	3.58754
27	116	3.58754
27	325	4.68722
28	129	2.2155
28	296	2.28679
28	328	2.39373
28	370	5.23832
28	442	3.08557
28	576	3.18634
28	626	3.4691
28	674	3.96773
28	675	4.1683
28	679	3.68743
29	9	2.75759
29	10	2.75759
29	241	3.08637
29	244	3.07557
29	246	3.07557
29	285	3.23109
29	300	3.56364
29	303	3.23109
29	331	3.68199
29	749	3.03111
30	792	2.16596
30	835	2.56099
30	866	2.81384
30	876	3.16027
30	880	3.00601
30	902	3.5089
30	915	3.69203
30	917	4.76007
30	924	3.65306
30	937	3.89943
31	52	1.49577
31	580	2.56429
31	592	2.87638
31	640	2.94997
31	671	3.4012
31	689	3.40546
31	693	5.2722
31	764	3.77
31	793	3.97123
31	814	4.02618
32	57	2.42594
32	65	3.16101
32	119	2.75411
32	164	2.68419
32	188	2.66025
32	409	3.58933
32	437	3.29118
32	481	3.42404
32	502	3.81572
32	522	3.81572
33	12	2.5316
33	125	2.70387
33	146	2.87088
33	183	2.69929
33	191	2.69489
33	463	3.46231
33	468	3.46231
33	516	3.85399
33	521	4.18135
33	830	3.70553
34	50	2.51506
34	125	2.70559
34	146	2.8726
34	151	2.6994
34	183	2.70101
34	303	4.68722
34	463	3.46403
34	468	3.46403
34	516	3.85571
34	521	4.18307
35	388	1.45629
35	589	1.93959
35	702	2.50934
35	785	3.18987
35	812	3.63387
35	831	3.59821
35	849	3.73374
35	857	4.05689
35	867	3.86714
35	870	4.10944
36	214	2.73453
36	236	4.15692
36	283	2.97625
36	305	2.93068
36	329	3.13672
36	367	3.42142
36	393	3.21302
36	434	3.21302
36	443	3.21302
36	465	3.62185
37	692	3.05227
37	701	1.38312
37	779	1.83033
37	847	2.66502
37	885	2.91517
37	923	3.57107
37	931	3.52685
37	947	3.8127
37	975	4.32204
37	986	4.43419
38	176	2.35385
38	204	2.74257
38	236	2.84366
38	253	2.74005
38	302	4.68722
38	429	3.21063
38	452	3.45543
38	473	3.63699
38	494	3.73866
38	531	3.73866
39	4	2.55095
39	12	2.59541
39	50	2.57715
39	183	2.7631
39	191	2.7587
39	463	3.52612
39	468	3.52612
39	516	3.9178
39	521	4.24516
39	843	3.91518
40	60	3.16228
40	62	3.10676
40	78	3.10676
40	93	2.76156
40	109	3.24757
40	120	3.24757
40	132	3.24757
40	136	3.24757
40	172	3.24757
40	186	3.24757
41	65	3.31076
41	76	2.913
41	102	3.01107
41	170	3.05526
41	189	3.05526
41	237	3.15947
41	243	3.15947
41	256	3.15947
41	282	3.63673
41	316	4.68722
42	107	2.69127
42	155	2.96035
42	283	2.97819
42	329	3.13866
42	367	3.42336
42	393	3.21496
42	434	3.21496
42	443	3.21496
42	465	3.62379
42	944	3.48237
43	460	1.98217
43	493	1.75988
43	639	2.62114
43	673	2.67593
43	708	3.29328
43	767	3.42746
43	782	3.47728
43	810	3.54299
43	813	3.83127
43	824	3.83127
44	594	2.10719
44	670	1.60132
44	732	2.43656
44	801	2.7052
44	842	3.22692
44	884	3.53947
44	888	3.4897
44	893	3.6505
44	910	3.78256
44	921	4.02826
45	480	2.22578
45	932	2.53319
45	957	2.67492
45	961	2.84748
45	977	2.99867
45	992	3.35656
45	993	3.31885
45	998	3.55111
45	999	3.55267
45	1000	3.62704
46	16	2.93321
46	55	2.95122
46	117	3.09531
46	161	2.78577
46	197	3.24355
46	229	3.24355
46	240	3.24355
46	251	3.24355
46	294	3.72081
46	682	3.58511
47	22	3.00856
47	68	3.07799
47	80	3.00856
47	133	3.16028
47	145	3.16028
47	158	3.16028
47	174	3.564
47	184	3.16028
47	187	3.16028
47	502	2.31559
48	11	3.04078
48	13	3.04078
48	27	3.04078
48	53	3.04078
48	73	3.04078
48	85	3.04078
48	99	3.04078
48	108	3.58754
48	116	3.58754
48	740	3.89435
49	470	2.57898
49	492	2.57632
49	515	3.17559
49	524	2.98099
49	615	3.23514
49	619	2.9983
49	638	3.3476
49	664	3.58106
49	678	3.58106
49	681	3.58106
50	34	2.51506
50	39	2.57715
50	90	2.57733
50	146	2.91509
50	191	2.73909
50	463	3.50651
50	468	3.50651
50	516	3.89819
50	521	4.22556
50	918	4.27795
51	54	3.3342
51	79	3.40363
51	81	3.3342
51	137	3.88964
51	141	3.49755
51	149	3.49755
51	192	3.49755
51	195	4.00618
51	632	3.74587
51	940	2.37886
52	31	1.49577
52	356	2.45127
52	382	2.18267
52	580	2.80736
52	637	3.38249
52	671	3.64428
52	684	3.18626
52	764	4.01308
52	793	4.2143
52	814	4.26926
53	11	3.04078
53	13	3.04078
53	27	3.04078
53	48	3.04078
53	73	3.04078
53	85	3.04078
53	99	3.04078
53	108	3.58754
53	116	3.58754
53	700	3.77184
54	51	3.3342
54	64	2.95776
54	79	2.97341
54	91	2.95776
54	108	1.06167
54	137	3.45942
54	141	3.06733
54	149	3.06733
54	192	3.06733
54	195	3.57596
55	46	2.95122
55	71	2.93321
55	148	3.09531
55	161	2.78577
55	197	3.24355
55	229	3.24355
55	240	3.24355
55	251	3.24355
55	294	3.72081
55	781	3.41304
56	250	2.63219
56	340	2.85152
56	421	3.26185
56	439	3.26185
56	447	2.75191
56	459	3.13153
56	535	3.52321
56	536	3.52321
56	540	3.52321
56	723	3.0737
57	32	2.42594
57	225	2.95279
57	363	3.23084
57	394	3.05133
57	409	3.36205
57	437	3.0639
57	481	3.19676
57	502	3.58844
57	522	3.58844
57	978	4.04796
58	369	2.70329
58	570	2.10945
58	624	1.89395
58	649	2.19794
58	797	3.29239
58	798	3.05737
58	848	3.71141
58	878	3.88092
58	886	3.97223
58	912	4.34485
59	230	2.88668
59	270	3.07949
59	312	2.64796
59	323	2.68703
59	475	2.85129
59	520	3.43051
59	564	3.53365
59	577	3.54151
59	644	3.80237
59	739	3.07742
60	40	3.16228
60	956	2.39895
60	974	2.84184
60	979	2.99446
60	981	2.99757
60	991	3.23284
60	994	3.49871
60	995	3.49871
60	996	3.49871
60	997	3.49871
61	570	2.15062
61	627	2.17709
61	649	2.23911
61	697	2.57801
61	811	3.39803
61	829	3.59612
61	878	3.92209
61	886	4.0134
61	912	4.38602
61	932	4.66544
62	17	3.10676
62	40	3.10676
62	93	2.76156
62	109	3.24757
62	120	3.24757
62	132	3.24757
62	136	3.24757
62	172	3.24757
62	186	3.24757
62	675	3.49039
63	292	2.29123
63	362	2.34428
63	470	2.71314
63	524	3.11514
63	615	3.3693
63	638	3.48176
63	664	3.71522
63	678	3.71522
63	681	3.71522
63	891	3.15087
64	54	2.95776
64	79	3.02719
64	81	2.95776
64	91	3.01154
64	137	3.5132
64	141	3.1211
64	149	3.1211
64	192	3.1211
64	195	3.62974
64	901	2.55128
65	8	3.31076
65	18	3.31076
65	32	3.16101
65	41	3.31076
65	102	3.49147
65	237	3.63987
65	243	3.63987
65	256	3.63987
65	282	4.11713
65	716	0.00127032
66	767	4.03662
66	780	1.84686
66	864	2.60739
66	896	2.99586
66	904	3.22826
66	906	3.24094
66	908	3.01802
66	935	3.66002
66	940	3.69479
66	959	4.16835
67	271	1.53203
67	318	1.67196
67	659	2.92084
67	733	3.35208
67	740	3.29316
67	766	3.51514
67	812	4.02175
67	823	3.97792
67	836	4.17563
67	994	3.58876
68	22	3.07799
68	47	3.07799
68	80	3.07799
68	96	3.07799
68	133	3.22971
68	145	3.22971
68	158	3.22971
68	184	3.22971
68	187	3.22971
68	921	4.21652
69	435	5.80948
69	887	2.23361
69	895	2.39277
69	914	2.62217
69	939	3.1025
69	960	3.51708
69	968	3.43766
69	970	3.67344
69	976	3.68102
69	983	3.80025
70	574	1.71974
70	777	3.02682
70	784	2.97812
70	796	3.06919
70	816	3.28771
70	840	3.64613
70	846	3.61725
70	852	3.53161
70	854	3.58392
70	905	3.67088
71	55	2.93321
71	117	3.07729
71	148	3.07729
71	161	2.76776
71	197	3.22553
71	229	3.22553
71	240	3.22553
71	251	3.22553
71	294	3.7028
71	737	2.95497
72	190	2.07824
72	245	2.35306
72	333	2.74599
72	423	2.85849
72	458	2.81227
72	643	3.77887
72	650	3.91164
72	677	3.96097
72	680	3.96097
72	954	3.81728
73	11	3.04078
73	13	3.04078
73	27	3.04078
73	48	3.04078
73	53	3.04078
73	85	3.04078
73	99	3.04078
73	108	3.58754
73	116	3.58754
73	635	2.02166
74	356	2.10574
74	580	2.46183
74	623	2.98366
74	640	2.84751
74	671	3.29874
74	689	3.303
74	764	3.66754
74	793	3.86876
74	814	3.92372
74	960	3.38246
75	618	2.77778
75	654	2.96392
75	655	2.97975
75	657	3.06272
75	661	2.988
75	686	3.29856
75	716	3.34653
75	734	3.47698
75	737	3.56626
75	866	3.09573
76	8	2.913
76	18	2.913
76	41	2.913
76	170	3.1379
76	189	3.1379
76	237	3.24211
76	243	3.24211
76	256	3.24211
76	282	3.71937
76	960	3.38246
77	264	2.43134
77	376	2.51394
77	401	2.99936
77	458	2.58092
77	530	3.24786
77	643	3.54753
77	650	3.6803
77	677	3.72963
77	680	3.72963
77	954	3.81728
78	17	3.10676
78	40	3.10676
78	93	2.76156
78	109	3.24757
78	120	3.24757
78	132	3.24757
78	136	3.24757
78	172	3.24757
78	186	3.24757
78	813	3.03532
79	51	3.40363
79	54	2.97341
79	64	3.02719
79	81	2.97341
79	91	3.02719
79	141	3.13676
79	149	3.13676
79	192	3.13676
79	195	3.64539
79	621	2.80048
80	47	3.00856
80	68	3.07799
80	96	3.00856
80	133	3.16028
80	145	3.16028
80	158	3.16028
80	174	3.564
80	184	3.16028
80	187	3.16028
80	541	2.56737
81	51	3.3342
81	64	2.95776
81	79	2.97341
81	91	2.95776
81	137	3.45942
81	141	3.06733
81	149	3.06733
81	192	3.06733
81	195	3.57596
81	951	3.26963
82	2	1.92321
82	455	2.83738
82	456	2.78653
82	534	3.21559
82	545	3.25082
82	596	3.45376
82	603	3.4491
82	636	3.59228
82	650	5.31599
82	652	3.95182
83	651	2.66563
83	843	1.96631
83	887	2.40411
83	895	2.56327
83	927	2.90005
83	939	3.27299
83	960	3.68758
83	970	3.84393
83	976	3.85152
83	983	3.97075
84	617	3.07389
84	855	1.69109
84	961	3.01564
84	971	2.9942
84	977	3.16683
84	978	3.10819
84	982	3.24925
84	998	3.71927
84	999	3.72083
84	1000	3.7952
85	11	3.04078
85	13	3.04078
85	27	3.04078
85	48	3.04078
85	53	3.04078
85	73	3.04078
85	99	3.04078
85	108	3.58754
85	116	3.58754
85	581	3.98563
86	217	2.65062
86	275	2.79612
86	346	2.79999
86	389	3.29617
86	484	3.09635
86	528	3.24211
86	572	3.59617
86	575	3.64043
86	588	3.34255
86	935	4.35678
87	563	0.862521
87	789	3.46457
87	821	2.98554
87	858	3.16815
87	865	3.29597
87	872	3.51134
87	873	3.43923
87	890	3.55637
87	892	3.82069
87	901	3.82069
88	665	1.33078
88	746	1.57311
88	904	3.36484
88	906	3.37752
88	911	3.37515
88	925	3.5062
88	935	3.7966
88	940	3.83138
88	959	4.30493
88	961	2.88872
89	135	1.98995
89	344	2.7909
89	407	2.65842
89	470	2.80451
89	619	3.22383
89	638	3.57313
89	664	3.80659
89	678	3.80659
89	681	3.80659
89	800	2.52724
90	4	2.55113
90	12	2.59559
90	50	2.57733
90	151	2.76167
90	191	2.75887
90	373	3.27935
90	463	3.5263
90	468	3.5263
90	516	3.91798
90	521	4.24534
91	54	2.95776
91	64	3.01154
91	79	3.02719
91	81	2.95776
91	137	3.5132
91	141	3.1211
91	149	3.1211
91	192	3.1211
91	195	3.62974
91	559	4.56434
92	9	2.85195
92	10	2.85195
92	95	2.81814
92	199	3.1713
92	244	3.16993
92	246	3.16993
92	285	3.32546
92	303	3.32546
92	331	3.77636
92	809	3.73841
93	17	2.76156
93	40	2.76156
93	62	2.76156
93	78	2.76156
93	109	2.90238
93	120	2.90238
93	132	2.90238
93	136	2.90238
93	172	2.90238
93	186	2.90238
94	98	2.37597
94	222	2.85002
94	267	2.92359
94	280	2.9209
94	309	4.68722
94	440	3.15605
94	466	3.50906
94	505	3.65819
94	547	3.33069
94	581	3.73603
95	92	2.81814
95	199	3.02945
95	241	3.03888
95	244	3.02808
95	246	3.02808
95	285	3.1836
95	300	3.51615
95	303	3.1836
95	331	3.63451
95	742	2.11832
96	22	3.00856
96	68	3.07799
96	80	3.00856
96	133	3.16028
96	145	3.16028
96	158	3.16028
96	174	3.564
96	184	3.16028
96	187	3.16028
96	333	5.23832
97	525	1.82453
97	623	4.25442
97	710	2.91381
97	726	2.70763
97	731	2.75483
97	818	3.49718
97	828	3.61083
97	833	3.56505
97	861	3.79331
97	862	3.79331
98	94	2.37597
98	299	2.93119
98	319	2.66176
98	368	2.9608
98	416	3.38716
98	491	3.5159
98	505	3.62579
98	547	3.2983
98	581	3.70364
98	964	3.11239
99	11	3.04078
99	13	3.04078
99	27	3.04078
99	48	3.04078
99	53	3.04078
99	73	3.04078
99	85	3.04078
99	108	3.58754
99	116	3.58754
99	431	5.80948
100	667	1.54128
100	717	1.86531
100	791	2.12446
100	863	2.9242
100	894	2.7043
100	909	3.64128
100	922	3.93842
100	923	3.86889
100	931	3.82466
100	986	4.73201
101	107	2.85679
101	199	4.15692
101	228	2.91216
101	283	3.1437
101	305	3.09814
101	329	3.30418
101	367	3.58888
101	393	3.38048
101	434	3.38048
101	443	3.38048
101	465	3.7893
102	8	3.01107
102	18	3.01107
102	41	3.01107
102	65	3.49147
102	170	3.23597
102	189	3.23597
102	237	3.34018
102	243	3.34018
102	256	3.34018
102	282	3.81744
102	532	7.00928
103	113	2.86244
103	177	3.03166
103	200	2.98713
103	307	3.46846
103	310	3.14569
103	335	3.28336
103	337	3.57119
103	338	3.28336
103	341	3.60064
103	352	4.05448
103	380	3.60064
104	235	2.83763
104	250	2.85431
104	340	3.07364
104	385	3.03849
104	427	3.46685
104	447	2.97403
104	459	3.35365
104	535	3.74533
104	536	3.74533
104	540	3.74533
104	755	3.41922
105	231	2.60013
105	247	2.66663
105	438	3.21144
105	451	3.36969
105	474	3.4262
105	475	2.93394
105	520	3.51316
105	566	3.60423
105	577	3.62416
105	644	3.88502
105	736	5.0205
106	325	2.61697
106	370	2.66485
106	414	2.74269
106	455	2.99008
106	534	3.36829
106	545	3.40351
106	601	3.59691
106	603	3.6018
106	636	3.74497
106	642	2.32153
106	652	4.10452
107	42	2.69127
107	101	2.85679
107	227	4.15692
107	228	3.02436
107	283	3.25591
107	305	3.21034
107	329	3.41638
107	393	3.49268
107	434	3.49268
107	443	3.49268
107	465	3.90151
108	11	3.58754
108	13	3.58754
108	27	3.58754
108	48	3.58754
108	53	3.58754
108	54	1.06167
108	73	3.58754
108	85	3.58754
108	99	3.58754
108	116	4.1343
108	273	4.68722
109	17	3.24757
109	40	3.24757
109	62	3.24757
109	78	3.24757
109	93	2.90238
109	120	3.38839
109	132	3.38839
109	136	3.38839
109	172	3.38839
109	186	3.38839
109	996	3.8358
110	771	2.10718
110	780	2.00602
110	874	2.80518
110	904	3.38742
110	905	3.60159
110	911	3.39773
110	925	3.52878
110	935	3.81918
110	940	3.85396
110	959	4.32752
110	984	3.43285
111	701	3.70791
111	932	2.85301
111	946	2.82686
111	957	2.99474
111	964	3.14464
111	967	3.40521
111	973	3.37954
111	977	3.3185
111	982	3.40091
111	993	3.63868
111	999	3.87249
112	435	1.80491
112	443	5.80948
112	621	2.75152
112	639	2.88178
112	642	2.72872
112	708	3.55392
112	736	3.38839
112	782	3.73791
112	810	3.80363
112	813	4.09191
112	824	4.09191
113	103	2.86244
113	177	3.06917
113	200	3.02463
113	280	4.68722
113	287	3.16845
113	310	3.18319
113	335	3.32086
113	337	3.6087
113	338	3.32086
113	341	3.63814
113	380	3.63814
114	688	2.84454
114	702	2.70736
114	760	3.07521
114	822	3.72042
114	849	3.93176
114	851	3.92777
114	857	4.25491
114	867	4.06516
114	870	4.30746
114	880	0.0160471
114	971	5.32038
115	344	2.81976
115	406	2.62363
115	441	5.80948
115	483	3.00408
115	524	3.23537
115	538	2.90319
115	615	3.48953
115	619	3.25269
115	664	3.83545
115	678	3.83545
115	681	3.83545
116	11	3.58754
116	13	3.58754
116	27	3.58754
116	48	3.58754
116	53	3.58754
116	73	3.58754
116	85	3.58754
116	99	3.58754
116	108	4.1343
116	296	4.68722
116	939	1.48925
117	16	3.07729
117	46	3.09531
117	71	3.07729
117	148	3.23939
117	160	3.64829
117	161	2.92986
117	197	3.38763
117	229	3.38763
117	240	3.38763
117	251	3.38763
117	294	3.8649
118	144	2.76292
118	180	2.73624
118	268	3.30485
118	342	3.39551
118	358	3.16608
118	378	3.10078
118	419	3.2837
118	488	3.42634
118	500	3.79191
118	585	3.86624
118	934	4.50867
119	32	2.75411
119	128	2.71298
119	188	2.76115
119	242	2.91756
119	363	3.55902
119	394	3.3795
119	437	3.39208
119	481	3.52494
119	502	3.91662
119	522	3.91662
119	632	5.1984
120	17	3.24757
120	40	3.24757
120	62	3.24757
120	78	3.24757
120	93	2.90238
120	109	3.38839
120	132	3.38839
120	136	3.38839
120	172	3.38839
120	186	3.38839
120	271	4.68722
121	137	3.43919
121	974	3.18967
121	986	0.0607009
121	988	3.55833
121	989	3.56145
121	990	3.55833
121	991	3.58066
121	994	3.84654
121	995	3.84654
121	996	3.84654
121	997	3.84654
122	663	2.65976
122	666	2.8203
122	685	2.75525
122	720	3.68454
122	733	3.02244
122	763	3.34764
122	766	3.18549
122	812	3.69211
122	823	3.64827
122	836	3.84598
122	841	3.85735
123	144	2.68894
123	201	3.1331
123	268	3.23087
123	342	3.32152
123	358	3.0921
123	369	3.29579
123	410	2.90474
123	419	3.20972
123	488	3.35236
123	500	3.71793
123	585	3.79226
124	208	0.303791
124	241	4.15692
124	781	2.60903
124	801	2.96497
124	869	3.59019
124	875	3.60867
124	884	3.79925
124	888	3.74948
124	893	3.91028
124	898	4.01088
124	921	4.28804
125	4	2.72187
125	12	2.76633
125	33	2.70387
125	34	2.70559
125	146	3.10561
125	151	2.93241
125	210	2.86675
125	463	3.69704
125	468	3.69704
125	516	4.08872
125	521	4.41609
126	444	2.59283
126	919	2.65617
126	920	2.64605
126	954	3.29466
126	958	3.21417
126	963	3.31543
126	965	3.61188
126	966	3.43727
126	969	3.43727
126	972	3.43914
126	980	3.78253
127	602	2.35957
127	613	2.42874
127	635	2.639
127	682	2.72219
127	703	2.83595
127	816	3.72421
127	840	4.08263
127	846	4.05376
127	852	3.96812
127	854	4.02042
127	928	4.27091
128	119	2.71298
128	169	2.96124
128	242	2.77553
128	363	3.41699
128	367	2.70824
128	394	3.23748
128	409	3.5482
128	437	3.25005
128	481	3.38292
128	502	3.7746
128	522	3.7746
129	28	2.2155
129	139	2.52746
129	249	2.91264
129	309	2.5973
129	337	3.85114
129	442	3.57348
129	449	3.29349
129	489	3.1267
129	626	3.95701
129	674	4.45564
129	679	4.17534
130	349	1.80411
130	372	1.5967
130	410	2.90474
130	493	2.22988
130	673	3.14592
130	736	3.59775
130	767	3.89745
130	782	3.94727
130	810	4.01299
130	813	4.30126
130	824	4.30126
131	595	3.46105
131	665	1.53163
131	746	1.77396
131	864	2.94482
131	874	2.98345
131	905	3.77986
131	906	3.57837
131	925	3.70705
131	935	3.99745
131	940	4.03222
131	959	4.50578
132	17	3.24757
132	40	3.24757
132	62	3.24757
132	78	3.24757
132	93	2.90238
132	109	3.38839
132	120	3.38839
132	136	3.38839
132	172	3.38839
132	186	3.38839
132	850	1.88622
133	22	3.16028
133	47	3.16028
133	68	3.22971
133	80	3.16028
133	96	3.16028
133	145	3.31201
133	158	3.31201
133	174	3.71572
133	184	3.31201
133	187	3.31201
133	741	2.93534
134	460	2.34445
134	654	3.11152
134	655	3.12735
134	657	3.21033
134	661	3.13561
134	686	3.44616
134	707	3.62658
134	716	3.49414
134	734	3.62458
134	737	3.71386
134	878	3.74082
135	89	1.98995
135	407	2.75094
135	492	2.89436
135	538	2.96685
135	615	3.55318
135	619	3.31635
135	638	3.66565
135	664	3.8991
135	678	3.8991
135	681	3.8991
135	837	4.35648
136	17	3.24757
136	40	3.24757
136	62	3.24757
136	78	3.24757
136	93	2.90238
136	109	3.38839
136	120	3.38839
136	132	3.38839
136	172	3.38839
136	186	3.38839
136	774	4.06402
137	51	3.88964
137	54	3.45942
137	64	3.5132
137	81	3.45942
137	91	3.5132
137	121	3.43919
137	141	3.62277
137	149	3.62277
137	192	3.62277
137	195	4.1314
137	902	0.137905
138	182	2.78739
138	222	2.92283
138	267	2.9964
138	280	2.99371
138	391	3.16259
138	440	3.22886
138	466	3.58187
138	491	3.6211
138	505	3.73099
138	581	3.80884
138	751	3.25271
139	129	2.52746
139	296	2.59875
139	315	2.62773
139	442	3.39753
139	449	3.11754
139	489	2.95075
139	560	3.55466
139	626	3.78106
139	674	4.27969
139	679	3.99939
139	989	5.97395
140	247	2.69002
140	270	3.18553
140	323	2.79307
140	376	5.23832
140	430	3.2934
140	451	3.39308
140	474	3.44959
140	475	2.95733
140	520	3.53655
140	566	3.62762
140	644	3.90841
141	51	3.49755
141	54	3.06733
141	64	3.1211
141	79	3.13676
141	81	3.06733
141	91	3.1211
141	137	3.62277
141	149	3.23067
141	192	3.23067
141	195	3.73931
141	862	4.06298
142	436	1.38907
142	710	3.19358
142	719	3.30655
142	731	3.0346
142	805	3.64134
142	818	3.77695
142	828	3.8906
142	833	3.84482
142	850	1.13285
142	861	4.07308
142	862	4.07308
143	408	2.46673
143	476	2.30315
143	556	3.09958
143	587	2.90991
143	592	3.05265
143	637	3.31569
143	689	3.58173
143	698	3.69385
143	751	3.95641
143	764	3.94628
143	814	4.20246
144	118	2.76292
144	123	2.68894
144	180	2.81323
144	342	3.4725
144	358	3.24307
144	378	3.17777
144	419	3.36069
144	488	3.50333
144	500	3.8689
144	585	3.94323
144	752	4.2217
145	22	3.16028
145	47	3.16028
145	68	3.22971
145	80	3.16028
145	96	3.16028
145	133	3.31201
145	158	3.31201
145	174	3.71572
145	184	3.31201
145	187	3.31201
145	985	4.38086
146	4	2.88889
146	33	2.87088
146	34	2.8726
146	50	2.91509
146	125	3.10561
146	183	3.10103
146	191	3.09663
146	463	3.86406
146	468	3.86406
146	516	4.25573
146	693	5.75821
147	577	4.43332
147	599	1.31938
147	759	2.16192
147	788	2.79081
147	789	2.58464
147	859	3.59912
147	880	3.52987
147	902	4.03276
147	915	4.21589
147	924	4.17692
147	937	4.42329
148	16	3.07729
148	55	3.09531
148	71	3.07729
148	117	3.23939
148	161	2.92986
148	197	3.38763
148	229	3.38763
148	240	3.38763
148	251	3.38763
148	294	3.8649
148	997	4.16725
149	51	3.49755
149	54	3.06733
149	64	3.1211
149	79	3.13676
149	81	3.06733
149	91	3.1211
149	137	3.62277
149	141	3.23067
149	192	3.23067
149	195	3.73931
149	641	3.70334
150	493	1.93759
150	513	2.45319
150	621	2.66859
150	708	3.47098
150	736	3.30545
150	767	3.60516
150	782	3.65498
150	810	3.7207
150	813	4.00897
150	824	4.00897
150	921	4.70253
151	4	2.71569
151	34	2.6994
151	90	2.76167
151	125	2.93241
151	183	2.92783
151	191	2.92343
151	463	3.69086
151	468	3.69086
151	516	4.08254
151	521	4.4099
151	917	5.24608
152	180	3.0908
152	198	3.09835
152	201	3.56164
152	272	3.57305
152	369	3.72433
152	419	3.63826
152	488	3.7809
152	500	4.14646
152	585	4.22079
152	865	0.619334
152	890	4.96353
153	396	1.91554
153	554	2.02757
153	633	2.5495
153	740	3.22089
153	763	3.60502
153	766	3.44287
153	812	3.94948
153	823	3.90565
153	836	4.10336
153	841	4.11472
153	923	3.87503
154	341	3.94359
154	348	1.7183
154	435	2.0041
154	513	2.73531
154	541	2.51409
154	708	3.75311
154	736	3.58758
154	782	3.9371
154	810	4.00282
154	813	4.29109
154	824	4.29109
155	42	2.96035
155	214	3.28328
155	305	3.47943
155	329	3.68547
155	367	3.97016
155	393	3.76177
155	434	3.76177
155	443	3.76177
155	465	4.17059
155	540	1.06025
155	779	5.01392
156	501	2.40895
156	631	2.68028
156	658	2.82444
156	729	3.26807
156	735	3.249
156	750	3.3446
156	762	3.50803
156	776	3.69282
156	777	3.51395
156	800	3.9292
156	808	3.9292
157	289	2.18576
157	403	0.548285
157	467	2.41551
157	641	3.37525
157	655	3.57097
157	661	3.57922
157	686	3.88978
157	707	4.07019
157	716	3.93775
157	734	4.06819
157	737	4.15747
158	22	3.16028
158	47	3.16028
158	68	3.22971
158	80	3.16028
158	96	3.16028
158	133	3.31201
158	145	3.31201
158	174	3.71572
158	184	3.31201
158	187	3.31201
158	274	4.68722
159	765	2.23154
159	788	2.6136
159	789	2.40744
159	802	2.70277
159	830	2.92865
159	899	3.81056
159	902	3.85555
159	915	4.03868
159	924	3.99972
159	937	4.24608
159	962	4.94507
160	117	3.64829
160	979	3.01418
160	984	3.01682
160	987	3.01682
160	988	3.23023
160	990	3.23023
160	991	3.25256
160	994	3.51844
160	995	3.51844
160	996	3.51844
160	997	3.51844
161	16	2.76776
161	46	2.78577
161	55	2.78577
161	71	2.76776
161	117	2.92986
161	148	2.92986
161	197	3.0781
161	229	3.0781
161	240	3.0781
161	251	3.0781
161	294	3.55537
162	558	4.28875
162	758	1.42689
162	891	3.12559
162	897	3.01681
162	907	3.06986
162	909	3.19607
162	922	3.4932
162	931	3.37944
162	947	3.6653
162	975	4.17463
162	986	4.28679
163	265	2.60119
163	328	2.39448
163	442	3.08633
163	507	3.02645
163	560	3.24346
163	576	3.18709
163	616	4.27929
163	626	3.46986
163	674	3.96849
163	675	4.16906
163	679	3.68819
164	32	2.68419
164	188	2.69123
164	225	3.21105
164	242	2.84764
164	394	3.30959
164	409	3.62031
164	437	3.32216
164	481	3.45502
164	502	3.8467
164	522	3.8467
164	846	3.75482
165	385	3.23822
165	421	3.68371
165	427	3.66659
165	439	3.68371
165	447	3.17376
165	459	3.55339
165	535	3.94507
165	536	3.94507
165	540	3.94507
165	718	1.84756
165	728	1.30408
166	180	3.64829
166	464	2.56518
166	479	2.62123
166	556	3.33354
166	587	3.14387
166	630	3.42266
166	637	3.54965
166	671	3.81143
166	751	4.19037
166	793	4.38146
166	814	4.43642
167	266	2.49321
167	333	2.68776
167	373	2.88034
167	401	3.17248
167	423	2.80027
167	530	3.42098
167	643	3.72064
167	650	3.85342
167	677	3.90275
167	680	3.90275
167	919	3.75394
168	325	2.53341
168	331	3.27635
168	343	2.47008
168	518	2.98957
168	534	3.28473
168	545	3.31995
168	596	3.52289
168	601	3.51335
168	603	3.51824
168	636	3.66141
168	652	4.02096
169	128	2.96124
169	225	3.52922
169	242	3.16582
169	363	3.80727
169	394	3.62776
169	437	3.64033
169	481	3.7732
169	502	4.16488
169	508	0.0892088
169	522	4.16488
169	579	3.42307
170	8	3.05526
170	18	3.05526
170	41	3.05526
170	76	3.1379
170	102	3.23597
170	189	3.28017
170	237	3.38437
170	243	3.38437
170	256	3.38437
170	282	3.86164
170	733	3.1122
171	23	1.66068
171	408	2.61785
171	476	2.45427
171	556	3.2507
171	580	2.89168
171	637	3.46681
171	689	3.73286
171	735	4.78282
171	751	4.10753
171	793	4.29862
171	814	4.35358
172	17	3.24757
172	40	3.24757
172	62	3.24757
172	78	3.24757
172	93	2.90238
172	109	3.38839
172	120	3.38839
172	132	3.38839
172	136	3.38839
172	186	3.38839
172	293	4.68722
173	182	2.83518
173	267	3.04419
173	280	3.0415
173	299	3.08418
173	368	3.11379
173	416	3.54015
173	440	3.27664
173	491	3.66889
173	505	3.77878
173	547	3.45129
173	729	3.96534
174	22	3.564
174	47	3.564
174	80	3.564
174	96	3.564
174	133	3.71572
174	145	3.71572
174	158	3.71572
174	184	3.71572
174	187	3.71572
174	811	0.153866
174	892	3.45357
175	176	2.46692
175	204	2.85564
175	248	2.80029
175	339	3.1631
175	383	3.17152
175	411	3.59989
175	429	3.3237
175	473	3.75006
175	494	3.85173
175	531	3.85173
175	999	4.18878
176	38	2.35385
176	175	2.46692
176	236	2.65276
176	276	2.77709
176	339	2.85913
176	383	2.86756
176	411	3.29592
176	429	3.01973
176	473	3.44609
176	494	3.54776
176	531	3.54776
177	20	2.91446
177	21	3.64829
177	103	3.03166
177	113	3.06917
177	200	3.19386
177	209	3.17725
177	287	3.33767
177	310	3.35242
177	335	3.49009
177	337	3.77792
177	338	3.49009
178	324	1.22691
178	495	1.95163
178	747	3.20051
178	797	3.45889
178	798	3.22387
178	811	3.52336
178	829	3.72145
178	832	2.86798
178	848	3.8779
178	886	4.13872
178	912	4.51135
179	384	1.77999
179	501	2.3794
179	676	3.20051
179	704	3.53237
179	729	3.23853
179	762	3.47849
179	776	3.66328
179	790	3.7627
179	800	3.89966
179	808	3.89966
179	930	3.98039
180	118	2.73624
180	144	2.81323
180	152	3.0908
180	166	3.64829
180	201	3.2574
180	358	3.21639
180	378	3.15109
180	419	3.33401
180	488	3.47665
180	500	3.84222
180	585	3.91655
181	182	2.76628
181	222	2.90171
181	299	3.01527
181	391	3.14147
181	416	3.47125
181	440	3.20774
181	466	3.56076
181	491	3.59999
181	547	3.38238
181	581	3.78773
181	993	4.23182
182	138	2.78739
182	173	2.83518
182	181	2.76628
182	280	3.22712
182	368	3.29941
182	391	3.396
182	398	3.28127
182	440	3.46226
182	466	3.81528
182	499	3.75322
182	505	3.9644
183	12	2.76175
183	33	2.69929
183	34	2.70101
183	39	2.7631
183	146	3.10103
183	151	2.92783
183	463	3.69246
183	468	3.69246
183	516	4.08414
183	521	4.41151
183	767	4.52263
184	22	3.16028
184	47	3.16028
184	68	3.22971
184	80	3.16028
184	96	3.16028
184	133	3.31201
184	145	3.31201
184	158	3.31201
184	174	3.71572
184	187	3.31201
184	920	3.83245
185	306	1.26379
185	471	1.85388
185	624	2.2395
185	697	2.88239
185	798	3.40292
185	829	3.9005
185	848	4.05696
185	878	4.22647
185	884	3.84944
185	886	4.31778
185	912	4.6904
186	17	3.24757
186	40	3.24757
186	62	3.24757
186	78	3.24757
186	93	2.90238
186	109	3.38839
186	120	3.38839
186	132	3.38839
186	136	3.38839
186	172	3.38839
186	823	3.06035
187	22	3.16028
187	47	3.16028
187	68	3.22971
187	80	3.16028
187	96	3.16028
187	133	3.31201
187	145	3.31201
187	158	3.31201
187	174	3.71572
187	184	3.31201
187	924	3.36941
188	32	2.66025
188	119	2.76115
188	164	2.69123
188	215	4.15692
188	363	3.46515
188	394	3.28564
188	409	3.59636
188	437	3.29821
188	481	3.43108
188	502	3.82276
188	522	3.82276
189	8	3.05526
189	18	3.05526
189	41	3.05526
189	76	3.1379
189	102	3.23597
189	170	3.28017
189	237	3.38437
189	243	3.38437
189	256	3.38437
189	282	3.86164
189	328	5.23832
190	72	2.07824
190	333	2.75563
190	351	2.79855
190	401	3.24035
190	458	2.82191
190	530	3.48885
190	643	3.78852
190	650	3.92129
190	677	3.97062
190	680	3.97062
190	936	3.51967
191	33	2.69489
191	39	2.7587
191	50	2.73909
191	90	2.75887
191	146	3.09663
191	151	2.92343
191	463	3.68806
191	468	3.68806
191	516	4.07974
191	521	4.4071
191	605	3.97285
192	51	3.49755
192	54	3.06733
192	64	3.1211
192	79	3.13676
192	81	3.06733
192	91	3.1211
192	137	3.62277
192	141	3.23067
192	149	3.23067
192	195	3.73931
192	887	5.43968
193	498	1.34901
193	683	1.67016
193	701	1.89034
193	756	2.70698
193	832	2.83451
193	885	3.42238
193	897	3.67142
193	922	4.14782
193	923	4.07828
193	975	4.82925
193	986	4.94141
194	217	3.20104
194	286	3.497
194	301	3.17634
194	346	3.35041
194	358	5.23832
194	361	5.23832
194	386	3.65282
194	528	3.79253
194	558	4.12487
194	572	4.14659
194	588	3.89297
195	51	4.00618
195	54	3.57596
195	64	3.62974
195	79	3.64539
195	81	3.57596
195	91	3.62974
195	137	4.1314
195	141	3.73931
195	149	3.73931
195	192	3.73931
195	353	2.22754
195	454	0.995705
196	325	2.71036
196	409	3.07225
196	414	2.83608
196	455	3.08346
196	456	3.03261
196	518	3.16652
196	534	3.46168
196	596	3.69984
196	601	3.6903
196	603	3.69518
196	636	3.83836
196	652	4.1979
197	16	3.22553
197	46	3.24355
197	55	3.24355
197	71	3.22553
197	117	3.38763
197	148	3.38763
197	161	3.0781
197	229	3.53587
197	240	3.53587
197	251	3.53587
197	294	4.01314
197	750	4.42496
198	152	3.09835
198	201	3.26495
198	268	3.36272
198	272	3.27636
198	358	3.22395
198	369	3.42764
198	378	3.15865
198	419	3.34157
198	488	3.48421
198	500	3.84978
198	585	3.92411
198	711	3.85352
199	9	3.06326
199	10	3.06326
199	92	3.1713
199	95	3.02945
199	101	4.15692
199	241	3.39204
199	244	3.38124
199	246	3.38124
199	285	3.53676
199	300	3.86931
199	303	3.53676
199	331	3.98767
200	103	2.98713
200	113	3.02463
200	177	3.19386
200	209	3.13272
200	287	3.29314
200	307	3.63066
200	335	3.44555
200	337	3.73339
200	338	3.44555
200	341	3.76283
200	380	3.76283
200	838	4.2767
201	123	3.1331
201	152	3.56164
201	180	3.2574
201	198	3.26495
201	272	3.73965
201	342	3.91666
201	369	3.89093
201	488	3.9475
201	500	4.31306
201	585	4.38739
201	908	4.59404
201	941	0.51057
202	264	2.78811
202	266	2.67686
202	373	3.064
202	376	2.87071
202	401	3.35613
202	458	2.93769
202	530	3.60463
202	643	3.9043
202	650	4.03707
202	677	4.0864
202	680	4.0864
202	899	3.94499
203	249	2.9389
203	328	2.9079
203	442	3.59974
203	449	3.31975
203	507	3.53987
203	560	3.75687
203	626	3.98328
203	674	4.48191
203	675	4.68247
203	679	4.20161
203	828	0.373002
203	840	3.55287
204	38	2.74257
204	175	2.85564
204	253	2.93787
204	276	3.16582
204	383	3.25628
204	411	3.68464
204	429	3.40846
204	452	3.65325
204	473	3.83482
204	494	3.93648
204	531	3.93648
204	963	4.5431
205	207	2.89683
205	512	3.15121
205	539	3.33515
205	543	3.39079
205	551	3.44182
205	569	3.21282
205	582	3.25362
205	606	3.65659
205	612	3.61663
205	622	3.64162
205	651	3.81523
205	775	3.75336
206	330	1.84131
206	420	1.86892
206	436	2.28232
206	485	1.31757
206	495	2.79599
206	780	4.70005
206	797	4.30324
206	811	4.36771
206	848	4.72226
206	878	4.89177
206	886	4.98308
206	912	5.3557
207	205	2.89683
207	316	3.05504
207	512	3.60404
207	549	3.75563
207	551	3.89465
207	582	3.70645
207	606	4.10942
207	608	3.22755
207	612	4.06946
207	616	4.05273
207	651	4.26805
207	797	0.672383
208	124	0.303791
208	727	2.5033
208	739	2.32153
208	842	3.71672
208	869	3.82022
208	870	3.79838
208	875	3.8387
208	884	4.02927
208	888	3.9795
208	893	4.1403
208	898	4.24091
208	921	4.51806
209	20	2.85333
209	177	3.17725
209	200	3.13272
209	287	3.27653
209	307	3.61405
209	310	3.29128
209	335	3.42895
209	337	3.71678
209	338	3.42895
209	341	3.74623
209	380	3.74623
209	708	4.2321
210	125	2.86675
210	709	2.00733
210	771	2.49509
210	864	3.15446
210	896	3.54293
210	906	3.78801
210	908	3.5651
210	911	3.78564
210	925	3.91669
210	935	4.20709
210	940	4.24187
210	959	4.71542
211	314	2.02964
211	380	2.61916
211	396	2.4462
211	399	2.4974
211	605	2.99916
211	659	3.37924
211	663	3.44781
211	666	3.60834
211	740	3.75156
211	766	3.97354
211	836	4.63402
211	841	4.64539
212	413	1.7181
212	579	2.72088
212	628	2.84739
212	676	3.38568
212	729	3.42371
212	756	3.68687
212	762	3.66366
212	776	3.84845
212	790	3.94787
212	800	4.08484
212	808	4.08484
212	972	5.30456
213	260	1.61621
213	436	2.23093
213	471	2.46778
213	658	1.55305
213	697	3.4963
213	747	3.99347
213	798	4.01683
213	829	4.51441
213	878	4.84037
213	886	4.93169
213	912	5.30431
213	932	5.87591
214	36	2.73453
214	155	3.28328
214	228	3.06957
214	283	3.30111
214	305	3.25555
214	329	3.46159
214	367	3.74629
214	393	3.53789
214	434	3.53789
214	443	3.53789
214	465	3.94671
214	776	4.07174
215	188	4.15692
215	771	2.13106
215	864	2.79043
215	877	2.9835
215	904	3.4113
215	905	3.62547
215	906	3.42398
215	911	3.42161
215	925	3.55266
215	935	3.84306
215	940	3.87783
215	959	4.35139
216	606	1.86789
216	744	3.50266
216	839	2.53267
216	860	2.65599
216	903	3.05987
216	933	3.51786
216	943	3.83748
216	960	4.25688
216	968	4.17745
216	970	4.41323
216	976	4.42082
216	983	4.54005
217	86	2.65062
217	194	3.20104
217	239	2.82828
217	286	3.27242
217	334	3.14976
217	386	3.42824
217	389	3.62202
217	454	3.72495
217	558	3.90029
217	575	3.96628
217	588	3.6684
217	604	2.99837
218	477	1.75112
218	624	2.34325
218	627	2.58521
218	649	2.64724
218	747	3.48331
218	798	3.50667
218	811	3.80616
218	829	4.00425
218	848	4.16071
218	878	4.33022
218	912	4.79415
218	990	4.92162
219	556	3.0203
219	587	2.83063
219	592	2.97337
219	623	3.18312
219	630	3.10942
219	637	3.23641
219	671	3.4982
219	689	3.50246
219	764	3.867
219	793	4.06822
219	814	4.12318
219	998	5.45908
220	275	3.43108
220	301	3.26088
220	334	3.45888
220	346	3.43495
220	371	3.49822
220	389	3.93114
220	454	4.03407
220	484	3.73132
220	528	3.87707
220	575	4.27539
220	588	3.97752
220	652	1.59471
221	794	1.73288
221	839	2.31967
221	860	2.44299
221	895	2.91957
221	899	3.94499
221	939	3.62929
221	943	3.62448
221	960	4.04388
221	968	3.96445
221	970	4.20023
221	976	4.20782
221	983	4.32704
222	94	2.85002
222	138	2.92283
222	181	2.90171
222	267	3.36525
222	299	3.40523
222	368	3.43485
222	391	3.53143
222	398	3.41671
222	416	3.86121
222	466	3.95072
222	547	3.77234
222	788	3.95418
223	389	0.742662
223	499	1.57608
223	563	1.72253
223	751	2.63358
223	821	3.84555
223	845	4.1198
223	853	3.97103
223	858	4.02816
223	872	4.37135
223	890	4.41639
223	892	4.6807
223	901	4.6807
224	691	2.37632
224	720	2.71667
224	722	2.86962
224	734	4.00441
224	760	2.87156
224	822	3.51677
224	831	3.59258
224	849	3.72811
224	851	3.72411
224	857	4.05126
224	867	3.86151
224	870	4.10381
225	57	2.95279
225	164	3.21105
225	169	3.52922
225	242	3.34352
225	392	0.580187
225	394	3.80546
225	409	4.11618
225	437	3.81803
225	481	3.9509
225	502	4.34258
225	522	4.34258
225	841	3.03986
226	519	1.15155
226	672	2.18338
226	779	2.416
226	786	2.42628
226	827	3.02528
226	885	3.50084
226	895	5.28759
226	922	4.22628
226	923	4.15674
226	947	4.39837
226	975	4.90771
226	986	5.01987
227	107	4.15692
227	672	1.9253
227	683	1.49054
227	786	2.16821
227	891	3.60059
227	897	3.49181
227	907	3.54486
227	909	3.67107
227	922	3.9682
227	947	4.1403
227	975	4.64963
227	986	4.76179
228	101	2.91216
228	107	3.02436
228	214	3.06957
228	283	3.31128
228	305	3.26571
228	329	3.47175
228	367	3.75645
228	393	3.54805
228	434	3.54805
228	443	3.54805
228	465	3.95688
228	600	5.10213
229	16	3.22553
229	46	3.24355
229	55	3.24355
229	71	3.22553
229	117	3.38763
229	148	3.38763
229	161	3.0781
229	197	3.53587
229	240	3.53587
229	251	3.53587
229	294	4.01314
229	753	4.57347
230	59	2.88668
230	291	3.22786
230	312	3.29475
230	430	3.83415
230	438	3.77558
230	475	3.49808
230	494	0.900487
230	520	4.0773
230	564	4.18044
230	577	4.1883
230	644	4.44916
230	918	5.23112
231	105	2.60013
231	247	2.86158
231	270	3.35708
231	312	2.92555
231	430	3.46495
231	451	3.56463
231	475	3.12888
231	485	5.08243
231	564	3.81124
231	566	3.79918
231	577	3.8191
231	644	4.07996
232	774	2.5968
232	778	2.5814
232	834	3.86741
232	842	3.23651
232	869	3.34
232	875	3.35848
232	884	3.54905
232	888	3.49929
232	893	3.66008
232	898	3.76069
232	910	3.79214
232	921	4.03785
233	238	1.93303
233	252	2.02473
233	257	1.64464
233	380	2.61916
233	396	2.5121
233	659	3.44514
233	733	3.87638
233	740	3.81745
233	763	4.20158
233	812	4.54605
233	836	4.69992
233	841	4.71129
234	238	4.15692
234	690	2.01602
234	825	3.07439
234	834	3.27269
234	845	3.40691
234	858	3.31527
234	865	3.44309
234	872	3.65846
234	873	3.58635
234	890	3.70349
234	892	3.96781
234	901	3.96781
235	104	2.83763
235	250	3.02559
235	297	3.03616
235	340	3.24492
235	385	3.20977
235	427	3.63814
235	447	3.14531
235	459	3.52493
235	535	3.91661
235	536	3.91661
235	540	3.91661
235	637	4.18111
236	36	4.15692
236	38	2.84366
236	176	2.65276
236	248	2.98613
236	253	3.03896
236	276	3.26691
236	339	3.34894
236	429	3.50955
236	452	3.75434
236	473	3.93591
236	494	4.03757
236	531	4.03757
237	8	3.15947
237	18	3.15947
237	41	3.15947
237	65	3.63987
237	76	3.24211
237	102	3.34018
237	170	3.38437
237	189	3.38437
237	243	3.48858
237	256	3.48858
237	282	3.96584
237	987	5.14065
238	233	1.93303
238	234	4.15692
238	271	1.94086
238	314	1.98007
238	441	2.15495
238	666	3.55877
238	733	3.76091
238	763	4.08611
238	812	4.43058
238	823	4.38675
238	836	4.58445
238	841	4.59582
239	217	2.82828
239	275	2.97378
239	287	4.68722
239	334	3.00158
239	389	3.47384
239	454	3.57677
239	484	3.27402
239	528	3.41978
239	558	3.75211
239	572	3.77383
239	575	3.81809
239	588	3.52022
240	16	3.22553
240	46	3.24355
240	55	3.24355
240	71	3.22553
240	117	3.38763
240	148	3.38763
240	161	3.0781
240	197	3.53587
240	229	3.53587
240	251	3.53587
240	294	4.01314
240	877	3.74939
241	9	3.0727
241	10	3.0727
241	29	3.08637
241	95	3.03888
241	124	4.15692
241	199	3.39204
241	244	3.39068
241	246	3.39068
241	285	3.5462
241	300	3.87875
241	303	3.5462
241	331	3.9971
242	119	2.91756
242	128	2.77553
242	164	2.84764
242	169	3.16582
242	225	3.34352
242	363	3.62157
242	394	3.44205
