1	9	2.44166
1	218	2.30113
1	233	2.48309
1	325	2.95121
1	507	2.96583
1	602	3.50189
1	621	3.51726
1	644	3.60108
1	793	3.20417
1	955	4.69737
2	336	2.80502
2	384	2.26404
2	479	2.8675
2	516	2.85863
2	579	3.36203
2	598	3.11348
2	618	3.10295
2	672	3.73005
2	763	3.66686
2	791	4.35679
3	108	2.87735
3	112	3.02366
3	127	2.95259
3	135	3.07379
3	232	1.7866
3	241	3.19535
3	251	3.24047
3	324	3.88986
3	585	2.88232
3	780	4.42083
4	311	1.96874
4	370	2.49332
4	494	2.67429
4	504	2.83444
4	536	2.7124
4	561	2.18104
4	662	3.41625
4	744	3.95539
4	768	3.9941
4	806	4.41156
5	18	2.73526
5	22	2.73526
5	37	2.65395
5	39	2.65395
5	45	2.73526
5	65	2.73526
5	85	2.73526
5	630	8.28191
5	746	3.59134
5	988	5.88495
6	54	2.56624
6	59	2.56624
6	79	3.16228
6	83	2.71198
6	121	2.94252
6	132	2.94252
6	202	2.94252
6	215	2.94252
6	541	2.40438
6	987	6.44158
7	115	0.37288
7	727	2.45641
7	792	3.28118
7	831	2.96957
7	839	3.40505
7	891	3.50213
7	909	3.72154
7	950	4.37087
7	955	4.58806
7	981	4.38087
8	228	4.15692
8	402	1.64344
8	473	2.03418
8	530	1.91944
8	729	2.95813
8	749	2.96175
8	855	3.76954
8	878	4.06317
8	892	4.40124
8	937	4.7096
9	1	2.44166
9	151	2.34798
9	325	3.40126
9	404	1.80286
9	409	3.08048
9	507	3.41588
9	602	3.95194
9	621	3.96731
9	640	4.22913
9	644	4.05113
10	21	0.494498
10	92	3.16228
10	99	0.49378
10	458	1.65845
10	830	3.6625
10	857	3.80459
10	864	3.95638
10	917	4.73258
10	933	4.71156
10	948	4.94616
11	340	3.35448
11	351	0.0201431
11	888	2.55999
11	911	2.69229
11	942	3.27398
11	961	3.34585
11	990	4.09982
11	992	3.9799
11	994	4.33747
11	999	4.15105
12	549	1.70486
12	660	4.13068
12	772	2.94071
12	829	3.20276
12	873	3.74685
12	915	4.09667
12	919	3.92798
12	947	4.41337
12	954	0.938147
12	989	4.42729
13	40	2.43776
13	101	2.32284
13	161	2.98452
13	181	2.43776
13	330	3.26109
13	356	4.68722
13	361	3.26109
13	421	3.71199
13	819	3.35605
13	921	4.6874
14	30	2.75398
14	102	2.75398
14	167	2.9589
14	190	2.9589
14	240	3.18164
14	263	3.18164
14	283	3.27947
14	333	3.47054
14	391	3.92144
14	707	3.02518
15	741	1.93813
15	766	5.38145
15	802	1.7404
15	860	2.78794
15	890	3.26578
15	913	3.49964
15	927	3.60332
15	930	3.77833
15	966	3.69845
15	996	4.14851
16	672	3.12973
16	721	2.37405
16	748	2.41901
16	772	2.81105
16	787	2.70735
16	873	3.61719
16	874	3.32191
16	895	3.44462
16	915	3.96701
16	919	3.79832
17	26	2.24153
17	133	3.13453
17	157	2.90186
17	166	2.58777
17	173	2.90186
17	272	3.4105
17	605	3.18663
17	818	2.74102
18	5	2.73526
18	22	2.73526
18	37	2.65395
18	39	2.65395
18	45	2.73526
18	65	2.73526
18	85	2.73526
18	683	3.35055
18	746	3.59134
18	988	5.88495
19	59	2.7
19	593	1.24904
19	818	2.39704
19	851	2.49262
19	871	2.97348
19	893	3.16268
19	938	3.65314
19	944	3.77828
19	974	4.2976
19	984	4.45662
20	171	1.88527
20	360	2.48826
20	579	3.16177
20	661	3.16833
20	672	3.52979
20	753	2.97361
20	776	2.37618
20	780	3.63872
20	789	4.25037
20	791	4.15653
21	10	0.494498
21	367	1.19533
21	659	3.13264
21	683	2.88103
21	696	2.80098
21	830	3.65979
21	857	3.80188
21	864	3.95367
21	917	4.72987
21	948	4.94345
22	5	2.73526
22	18	2.73526
22	37	2.65395
22	39	2.65395
22	45	2.73526
22	65	2.73526
22	85	2.73526
22	746	3.59134
22	946	3.69293
22	988	5.88495
23	109	1.33918
23	155	1.87078
23	158	1.59766
23	196	1.59766
23	866	3.78626
23	904	3.6523
23	959	3.43258
23	960	5.29161
23	981	5.16454
24	109	2.7
24	264	2.7511
24	288	2.84866
24	321	2.64024
24	428	2.71671
24	497	3.1171
24	546	3.48843
24	603	3.43669
24	631	3.59233
24	780	3.86925
25	469	0.735137
25	731	3.25896
25	756	2.23897
25	814	2.75579
25	827	2.75956
25	853	3.00666
25	897	3.70072
25	949	4.21067
25	964	4.39737
25	977	4.65562
26	17	2.24153
26	133	3.03257
26	157	2.7999
26	166	2.48581
26	173	2.7999
26	272	3.30853
26	521	0.926013
27	142	3.64829
27	359	1.3671
27	547	2.27417
27	675	3.04678
27	701	2.82063
27	793	3.82703
27	805	3.64546
27	813	3.75157
27	832	3.71974
27	850	4.00802
28	549	1.80972
28	689	3.80871
28	693	2.37217
28	721	2.60858
28	742	2.54249
28	772	3.04558
28	873	3.85172
28	895	3.67915
28	919	4.03285
28	947	4.51824
29	597	0.831398
29	669	3.33914
29	771	2.29566
29	795	2.43233
29	836	2.55635
29	876	3.38947
29	893	3.36175
29	974	4.49668
29	983	4.44116
29	984	4.6557
30	14	2.75398
30	167	2.73471
30	190	2.73471
30	240	2.95745
30	263	2.95745
30	283	3.05528
30	333	3.24635
30	391	3.69725
30	862	4.32331
30	924	2.81646
31	108	2.82722
31	112	2.97353
31	127	2.90247
31	135	3.02366
31	241	3.14522
31	251	3.19034
31	324	3.83973
31	481	2.18762
31	639	2.21745
31	780	4.37071
32	255	4.15692
32	302	1.10387
32	670	2.17147
32	741	2.78807
32	765	2.89757
32	773	3.04279
32	859	3.53813
32	890	4.11573
32	913	4.34959
32	927	4.45327
33	429	1.01184
33	721	2.2664
33	735	3.68452
33	772	2.7034
33	787	2.5997
33	873	3.50954
33	915	3.85936
33	919	3.69067
33	947	4.17606
33	991	4.64351
34	97	2.57165
34	128	2.74464
34	230	3.09631
34	273	3.58539
34	276	2.96069
34	398	3.60229
34	408	1.0003
34	488	3.57295
34	515	4.03975
34	560	2.28682
35	125	3.16228
35	126	3.16228
35	139	3.16228
35	142	3.16228
35	145	3.16228
35	172	3.16228
35	182	3.16228
35	183	3.16228
35	212	3.16228
35	999	3.45275
36	64	0.586064
36	218	4.15692
36	330	2.25107
36	361	2.25107
36	421	2.70198
36	889	4.12348
36	899	4.10383
36	902	3.70672
36	935	4.22616
36	945	4.51011
37	5	2.65395
37	18	2.65395
37	22	2.65395
37	39	2.57264
37	45	2.65395
37	65	2.65395
37	85	2.65395
37	988	5.80364
37	990	2.97731
38	86	2.70094
38	152	2.78394
38	160	2.87631
38	192	3.64829
38	271	2.96213
38	303	3.26916
38	316	3.4394
38	334	3.26916
38	335	3.4394
38	415	3.72006
39	5	2.65395
39	18	2.65395
39	22	2.65395
39	37	2.57264
39	45	2.65395
39	65	2.65395
39	85	2.65395
39	421	2.8621
39	988	5.80364
40	13	2.43776
40	101	2.32284
40	137	3.2508
40	161	2.98452
40	181	2.43776
40	330	3.26109
40	361	3.26109
40	421	3.71199
40	819	3.35605
40	921	4.6874
41	94	1.38888
41	366	0.161715
41	562	0.652113
41	826	2.69422
41	911	3.30086
41	961	3.95442
41	990	4.70839
41	992	4.58847
41	994	4.94604
41	999	4.75962
42	84	2.33104
42	236	2.50831
42	261	2.70291
42	300	2.80936
42	378	2.93215
42	573	3.5908
42	595	3.55945
42	652	3.82502
42	829	3.91685
42	842	4.20146
43	139	3.64829
43	741	2.30654
43	765	2.41604
43	784	2.09591
43	816	2.53924
43	860	3.15636
43	894	3.58968
43	913	3.86806
43	927	3.97174
43	996	4.51692
44	520	0.983044
44	750	2.479
44	777	2.75599
44	778	2.52114
44	838	3.24773
44	907	3.82468
44	922	4.15355
44	934	4.1245
44	940	4.37087
44	944	3.11299
45	5	2.73526
45	18	2.73526
45	22	2.73526
45	37	2.65395
45	39	2.65395
45	65	2.73526
45	85	2.73526
45	746	3.59134
45	785	2.79129
45	988	5.88495
46	106	1.38462
46	371	1.7385
46	590	2.9183
46	608	2.62548
46	734	3.10924
46	755	3.6669
46	781	3.63324
46	889	4.70193
46	899	4.68228
46	971	3.57569
47	558	0.0970496
47	811	3.29938
47	841	2.44538
47	846	2.34566
47	920	3.20547
47	952	3.67498
47	959	3.71891
47	982	4.07244
47	986	4.36648
47	993	4.53413
48	556	1.19752
48	656	1.817
48	756	2.63655
48	814	3.15337
48	837	3.3789
48	845	3.21148
48	853	3.40423
48	949	4.60824
48	977	5.0532
48	980	4.46038
49	367	0.769688
49	464	1.03043
49	683	2.45539
49	829	3.91685
49	830	3.23415
49	864	3.52803
49	917	4.30423
49	933	4.28321
49	948	4.51781
49	988	4.33757
50	70	2.28772
50	81	2.01052
50	154	0.140882
50	313	2.85768
50	386	3.02908
50	397	2.72158
50	452	2.90076
50	508	3.04968
50	522	3.59112
50	987	6.01235
51	398	5.23832
51	788	1.6543
51	841	2.36738
51	846	2.26766
51	879	2.44264
51	939	3.39247
51	952	3.59698
51	982	3.99444
51	986	4.28849
51	993	4.45613
52	122	3.64829
52	339	2.39617
52	357	2.36684
52	513	2.56512
52	615	2.78096
52	626	3.33713
52	716	3.37755
52	730	3.35587
52	808	3.93634
52	826	4.34452
53	70	2.35651
53	105	3.16228
53	286	2.39408
53	313	2.92646
53	320	2.72605
53	386	3.09787
53	397	2.79036
53	452	2.96955
53	508	3.11847
53	987	6.08114
54	6	2.56624
54	59	2.31537
54	83	2.46111
54	121	2.69164
54	132	2.69164
54	167	3.64829
54	202	2.69164
54	215	2.69164
54	987	6.1907
55	248	1.38763
55	310	1.83923
55	346	1.63907
55	540	2.13605
55	584	2.49478
55	786	3.33498
55	794	3.42678
55	926	4.83462
55	935	4.78909
55	945	5.07304
56	824	2.00149
56	825	2.05134
56	849	2.55873
56	876	2.89553
56	899	4.46337
56	938	3.35828
56	944	3.48342
56	974	4.00274
56	983	3.94722
56	984	4.16176
57	197	0.287218
57	425	0.851733
57	634	2.12058
57	638	2.12648
57	872	4.14507
57	916	4.47483
57	928	4.56622
57	931	4.83154
57	933	3.03862
57	956	5.05683
58	98	0.791499
58	460	1.80514
58	671	2.81303
58	678	2.76533
58	753	2.66975
58	819	2.87741
58	902	3.93198
58	926	4.49696
58	935	4.45142
58	945	4.73538
59	6	2.56624
59	19	2.7
59	54	2.31537
59	83	2.46111
59	121	2.69164
59	132	2.69164
59	202	2.69164
59	215	2.69164
59	987	6.1907
60	349	1.18379
60	617	2.41452
60	665	2.79585
60	705	3.62999
60	728	2.6675
60	808	3.25435
60	826	3.66253
60	830	3.38308
60	933	4.43214
60	948	4.66673
61	66	0.499779
61	629	1.49961
61	782	2.66613
61	814	3.07151
61	853	3.32237
61	890	3.15585
61	897	4.01644
61	912	3.88694
61	949	4.52638
61	977	4.97134
62	209	1.85198
62	247	2.14679
62	360	2.54414
62	516	2.71425
62	598	2.9691
62	719	3.80503
62	724	3.5406
62	789	4.30625
62	791	4.21242
62	866	3.91054
63	268	2.27788
63	269	1.98164
63	322	2.62233
63	328	2.47416
63	331	2.41724
63	432	2.80654
63	433	2.85071
63	936	3.74618
63	960	5.57025
63	973	5.45976
64	36	0.586064
64	250	1.06706
64	448	5.80948
64	781	3.22312
64	822	3.37049
64	885	3.46672
64	889	4.29181
64	899	4.27217
64	910	4.00098
64	976	4.18208
65	5	2.73526
65	18	2.73526
65	22	2.73526
65	37	2.65395
65	39	2.65395
65	45	2.73526
65	85	2.73526
65	308	4.68722
65	746	3.59134
65	988	5.88495
66	61	0.499779
66	393	1.06477
66	656	2.00486
66	659	2.37324
66	814	3.34123
66	912	4.15666
66	949	4.7961
66	964	4.9828
66	968	3.73017
66	977	5.24106
67	156	0.890244
67	395	5.23832
67	429	1.59178
67	537	1.60589
67	829	3.54539
67	873	4.08948
67	874	3.7942
67	895	3.91692
67	919	4.27061
67	947	4.756
68	217	4.15692
68	222	2.0831
68	590	2.6949
68	608	2.40209
68	698	2.6667
68	712	2.82296
68	755	3.4435
68	781	3.40984
68	889	4.47853
68	899	4.45888
69	143	2.49215
69	144	2.75021
69	169	3.05761
69	207	2.94056
69	249	2.93291
69	304	4.68722
69	374	3.52744
69	434	3.54957
69	437	3.54957
69	467	3.66048
70	50	2.28772
70	53	2.35651
70	93	2.21808
70	286	2.65435
70	288	1.04044
70	313	3.18673
70	320	2.98632
70	397	3.05063
70	508	3.37874
70	987	6.34141
71	140	1.96637
71	208	1.93459
71	247	2.18968
71	336	2.70353
71	579	3.26054
71	646	4.23133
71	719	3.84792
71	789	4.34914
71	791	4.2553
71	866	3.95342
72	86	2.70094
72	152	2.78394
72	160	2.87631
72	271	2.96213
72	303	3.26916
72	316	3.4394
72	334	3.26916
72	335	3.4394
72	415	3.72006
72	591	5.20462
73	441	3.47695
73	790	1.16103
73	924	2.73735
73	929	2.89386
73	936	2.93714
73	967	3.4913
73	969	3.45037
73	980	3.61061
73	998	4.08942
73	1000	4.08942
74	285	4.15692
74	661	2.36986
74	694	2.44657
74	758	2.96499
74	798	2.87311
74	803	2.95463
74	840	3.50858
74	843	3.55738
74	875	3.7887
74	900	3.99669
75	448	2.29226
75	550	2.71357
75	554	2.91602
75	572	2.96887
75	610	3.01004
75	668	3.37291
75	684	3.53229
75	715	3.61081
75	764	4.04373
75	854	3.8542
76	219	2.06955
76	221	2.52772
76	275	2.92189
76	279	2.80446
76	321	2.89324
76	455	3.12481
76	497	3.3701
76	546	3.74143
76	603	3.68969
76	631	3.84533
77	336	1.11503
77	699	1.59428
77	719	2.25942
77	789	2.76064
77	887	3.15456
77	953	3.57012
77	965	4.23185
77	979	3.94843
77	985	4.41737
77	995	4.56337
78	168	0.78538
78	444	1.23075
78	445	1.45039
78	857	3.48406
78	864	3.63584
78	897	3.23732
78	917	4.41204
78	933	4.39103
78	948	4.62562
78	988	4.44538
79	6	3.16228
79	303	1.7024
79	334	1.7024
79	415	2.15331
79	647	1.90905
79	843	3.19866
79	900	3.63797
79	978	4.58584
79	979	4.47796
79	995	5.0929
80	290	2.48454
80	297	3.21223
80	373	3.34742
80	381	2.67271
80	395	3.05976
80	414	2.55844
80	440	2.65817
80	665	4.29779
80	728	4.16944
80	902	5.02325
81	50	2.01052
81	138	2.18045
81	313	2.90953
81	320	2.70912
81	350	2.88955
81	452	2.95261
81	508	3.10154
81	522	3.64297
81	939	3.30445
81	987	6.06421
82	472	2.39928
82	679	1.88384
82	690	1.95623
82	763	2.29914
82	811	2.77928
82	838	3.21187
82	907	3.78882
82	922	4.11768
82	934	4.08863
82	940	4.335
83	6	2.71198
83	54	2.46111
83	59	2.46111
83	121	2.83738
83	132	2.83738
83	202	2.83738
83	215	2.83738
83	275	1.04044
83	664	3.14034
83	987	6.33644
84	42	2.33104
84	300	2.96659
84	301	2.88292
84	378	3.08938
84	394	3.05954
84	492	2.68407
84	573	3.74802
84	595	3.71668
84	652	3.98225
84	811	3.29938
85	5	2.73526
85	18	2.73526
85	22	2.73526
85	37	2.65395
85	39	2.65395
85	45	2.73526
85	65	2.73526
85	746	3.59134
85	943	3.22835
85	988	5.88495
86	38	2.70094
86	72	2.70094
86	160	2.88817
86	271	2.97399
86	303	3.28101
86	316	3.45126
86	334	3.28101
86	335	3.45126
86	415	3.73192
86	588	3.77204
87	226	2.53924
87	245	2.78258
87	255	2.61512
87	317	2.93183
87	392	3.36758
87	396	3.4204
87	450	3.09901
87	566	3.78188
87	584	3.92285
87	965	3.36605
88	390	1.35563
88	522	2.84525
88	726	2.68022
88	758	3.02401
88	803	3.01365
88	840	3.56759
88	843	3.6164
88	875	3.84771
88	900	4.05571
88	901	3.29959
89	315	1.15919
89	382	1.56474
89	419	1.80308
89	530	1.88596
89	627	3.56577
89	855	3.73606
89	878	4.02969
89	937	4.67612
89	973	4.81111
89	981	4.79454
90	122	2.78549
90	143	2.50859
90	144	2.76664
90	207	2.957
90	353	3.09147
90	372	3.54238
90	377	1.85669
90	434	3.566
90	437	3.566
90	467	3.67692
91	125	3.16228
91	126	3.16228
91	139	3.16228
91	142	3.16228
91	145	3.16228
91	172	3.16228
91	182	3.16228
91	183	3.16228
91	212	3.16228
91	326	4.68722
92	10	3.16228
92	472	0.881641
92	656	1.49629
92	827	2.83643
92	845	2.89077
92	853	3.08352
92	897	3.77759
92	949	4.28753
92	964	4.47424
92	977	4.73249
93	70	2.21808
93	320	2.58763
93	350	2.76805
93	386	2.95945
93	397	2.65194
93	452	2.83112
93	508	2.98004
93	522	3.52148
93	637	3.99058
93	987	5.94271
94	41	1.38888
94	430	0.824415
94	544	0.748405
94	767	1.77502
94	888	3.65452
94	942	4.36851
94	962	4.01306
94	990	5.19434
94	992	5.07442
94	994	5.43199
95	100	1.73302
95	188	3.64829
95	461	2.47202
95	550	2.76601
95	639	3.20061
95	668	3.42536
95	684	3.58473
95	703	3.51933
95	715	3.66326
95	764	4.09617
96	189	3.64829
96	382	1.51109
96	473	1.94705
96	706	2.6617
96	729	2.871
96	749	2.87461
96	855	3.68241
96	878	3.97604
96	892	4.31411
96	937	4.62247
97	34	2.57165
97	230	2.76889
97	273	3.25796
97	276	2.63327
97	344	3.25843
97	398	3.27487
97	488	3.24552
97	515	3.71232
97	687	3.65531
97	809	3.73759
98	58	0.791499
98	238	0.655037
98	697	2.16118
98	783	3.34339
98	794	3.01236
98	859	3.45087
98	926	4.4202
98	954	4.80094
98	966	4.57683
98	989	4.69907
99	10	0.49378
99	457	1.32996
99	575	2.03374
99	746	2.46888
99	857	3.80117
99	864	3.95295
99	917	4.72915
99	928	3.18617
99	933	4.70814
99	948	4.94273
100	95	1.73302
100	228	2.09807
100	448	2.48392
100	572	3.16054
100	668	3.56458
100	684	3.72395
100	703	3.65855
100	715	3.80248
100	764	4.23539
100	853	3.28401
101	13	2.32284
101	40	2.32284
101	117	3.64829
101	161	2.8696
101	181	2.32284
101	330	3.14617
101	361	3.14617
101	421	3.59707
101	921	4.57248
102	14	2.75398
102	167	2.73471
102	169	1.58114
102	190	2.73471
102	240	2.95745
102	263	2.95745
102	283	3.05528
102	333	3.24635
102	391	3.69725
102	862	4.32331
103	305	1.64111
103	596	2.2461
103	701	2.81783
103	710	3.05392
103	726	4.98898
103	805	3.64267
103	813	3.74877
103	832	3.71695
103	850	4.00523
103	903	3.58792
104	148	3.64829
104	366	0.397344
104	403	0.151081
104	412	0.582459
104	854	3.04275
104	911	3.86273
104	942	4.44442
104	992	5.15034
104	994	5.5079
104	999	5.32149
105	53	3.16228
105	846	2.44185
105	861	2.78286
105	879	2.61683
105	883	2.62283
105	886	2.49505
105	906	2.93094
105	952	3.77117
105	982	4.16863
105	993	4.63032
106	46	1.38462
106	222	2.11649
106	604	2.34309
106	698	2.70009
106	734	2.91922
106	822	3.5906
106	858	3.16234
106	889	4.51192
106	899	4.49227
106	976	4.40219
107	233	2.25448
107	409	2.40182
107	507	2.73722
107	602	3.27328
107	605	2.78207
107	621	3.28865
107	644	3.37247
107	842	3.88174
107	855	2.878
107	955	4.46876
108	3	2.87735
108	31	2.82722
108	127	2.78975
108	241	3.0325
108	251	3.07762
108	324	3.72701
108	481	2.0749
108	669	3.79618
108	780	4.25798
108	782	3.26799
109	23	1.33918
109	24	2.7
109	155	1.87078
109	158	1.59766
109	196	1.59766
109	866	3.78626
109	904	3.6523
109	960	5.29161
109	981	5.16454
110	521	0.791187
110	829	2.80633
110	873	3.35042
110	874	3.05514
110	895	3.17785
110	915	3.70024
110	919	3.53155
110	947	4.01693
110	979	4.09174
110	989	4.03085
111	242	1.91397
111	590	2.97133
111	604	2.58613
111	736	0.494459
111	761	3.14862
111	781	3.68627
111	828	3.52814
111	889	4.75496
111	899	4.73531
111	968	4.19554
111	996	5.50986
112	3	3.02366
112	31	2.97353
112	127	2.93606
112	135	3.05725
112	241	3.17882
112	251	3.22393
112	324	3.87332
112	481	2.22121
112	669	3.94249
112	780	4.4043
112	843	3.96075
113	206	3.64829
113	580	0.829712
113	847	2.98095
113	867	3.19929
113	918	3.74276
113	951	4.27167
113	957	4.35946
113	958	4.35946
113	962	4.62022
113	963	4.47107
113	984	0.799493
114	517	0.455267
114	686	1.4776
114	820	2.15739
114	839	2.85372
114	863	3.11482
114	905	3.30036
114	953	4.05073
114	968	4.2685
114	978	4.53691
114	979	4.42904
114	995	5.04398
115	7	0.37288
115	401	5.23832
115	643	2.16632
115	645	2.47524
115	792	3.64236
115	839	3.76623
115	880	3.86256
115	891	3.86332
115	909	4.08272
115	910	3.87089
115	950	4.73206
116	290	2.16994
116	297	2.89763
116	381	2.3581
116	423	2.64412
116	479	4.38417
116	531	2.84303
116	589	3.43417
116	617	3.60186
116	665	3.98318
116	728	3.85483
116	971	5.04773
117	101	3.64829
117	796	2.07511
117	847	2.53171
117	856	2.56374
117	867	2.75005
117	908	3.07827
117	951	3.82243
117	957	3.91022
117	958	3.91022
117	962	4.17099
117	963	4.02184
118	609	1.4553
118	623	2.92598
118	630	1.35164
118	735	1.88979
118	790	2.38248
118	815	2.45079
118	868	3.17895
118	969	4.67182
118	980	4.83207
118	998	5.31087
118	1000	5.31087
119	626	2.41586
119	761	2.03817
119	804	2.90418
119	808	3.01507
119	826	3.42325
119	860	3.03885
119	889	3.64451
119	899	3.62487
119	913	3.75055
119	927	3.85423
119	930	4.02924
120	369	1.96225
120	505	2.47631
120	641	3.06851
120	667	3.09564
120	685	3.41542
120	689	3.30978
120	718	3.74452
120	732	3.58494
120	779	3.87831
120	823	4.29889
120	840	4.52745
121	6	2.94252
121	54	2.69164
121	59	2.69164
121	83	2.83738
121	132	3.06792
121	202	3.06792
121	215	3.06792
121	265	4.15692
121	541	2.52978
121	664	3.37088
121	987	6.56698
122	52	3.64829
122	90	2.78549
122	143	2.58053
122	207	3.02895
122	249	3.02129
122	353	3.16342
122	372	3.61432
122	374	3.61582
122	434	3.63795
122	437	3.63795
122	467	3.74886
123	314	2.21261
123	454	5.80948
123	461	2.60936
123	550	2.90335
123	572	3.15865
123	610	3.19982
123	639	3.33795
123	684	3.72207
123	703	3.65667
123	715	3.8006
123	764	4.23351
124	150	2.72047
124	188	2.72382
124	279	2.98697
124	288	3.28416
124	296	3.35523
124	321	3.07574
124	428	3.15221
124	455	3.30731
124	546	3.92393
124	780	4.30475
124	906	4.1759
125	35	3.16228
125	91	3.16228
125	126	3.31375
125	139	3.31375
125	142	3.31375
125	145	3.31375
125	172	3.31375
125	182	3.31375
125	183	3.31375
125	212	3.31375
125	744	3.98581
126	35	3.16228
126	91	3.16228
126	125	3.31375
126	139	3.31375
126	142	3.31375
126	145	3.31375
126	172	3.31375
126	182	3.31375
126	183	3.31375
126	212	3.31375
126	281	2.96817
127	3	2.95259
127	31	2.90247
127	108	2.78975
127	112	2.93606
127	135	2.98619
127	241	3.10775
127	251	3.15286
127	324	3.80226
127	669	3.87143
127	780	4.33323
127	983	4.54505
128	34	2.74464
128	193	2.81715
128	230	2.94188
128	273	3.43095
128	276	2.80626
128	344	3.43142
128	398	3.44786
128	488	3.41852
128	515	3.88532
128	809	3.91058
128	898	3.58286
129	465	1.62864
129	581	2.34833
129	623	2.08436
129	708	2.53259
129	727	2.76546
129	792	3.59022
129	831	3.27862
129	839	3.71409
129	880	3.81042
129	909	4.03058
129	950	4.67992
130	233	4.15692
130	529	1.44066
130	612	1.87674
130	659	2.86465
130	744	3.81122
130	768	3.84993
130	806	4.2674
130	897	4.77756
130	901	0.127716
130	949	5.28751
130	971	4.65892
131	771	2.14268
131	795	2.27935
131	824	2.34245
131	825	2.3923
131	871	3.01958
131	938	3.69924
131	944	3.82438
131	971	4.0617
131	974	4.3437
131	983	4.28819
131	984	4.50272
132	6	2.94252
132	54	2.69164
132	59	2.69164
132	83	2.83738
132	121	3.06792
132	202	3.06792
132	215	3.06792
132	541	2.52978
132	664	3.37088
132	987	6.56698
132	993	3.3643
133	17	3.13453
133	26	3.03257
133	157	3.6929
133	166	3.37881
133	173	3.6929
133	272	4.20153
133	563	3.5962
133	605	3.97766
133	618	4.12748
133	683	1.30452
133	869	2.88776
134	483	0.201211
134	580	3.14845
134	725	1.485
134	770	0.737864
134	888	3.22606
134	942	3.94005
134	961	4.01191
134	990	4.76588
134	992	4.64596
134	994	5.00353
134	999	4.81712
135	3	3.07379
135	31	3.02366
135	112	3.05725
135	127	2.98619
135	232	1.82019
135	241	3.22894
135	251	3.27406
135	324	3.92345
135	557	3.36473
135	669	3.99262
135	780	4.45443
136	400	4.01381
136	743	1.67391
136	841	2.83327
136	858	2.65108
136	861	3.07456
136	883	2.91454
136	884	1.84113
136	952	4.06287
136	959	4.10681
136	986	4.75438
136	993	4.92203
137	40	3.2508
137	339	0.322824
137	458	1.77
137	561	2.445
137	683	2.99529
137	696	2.91524
137	857	3.91615
137	864	4.06793
137	917	4.84414
137	933	4.82312
137	948	5.05771
138	81	2.18045
138	286	2.49522
138	320	2.82719
138	350	3.00762
138	386	3.19901
138	397	2.8915
138	452	3.07068
138	508	3.21961
138	522	3.76104
138	583	5.55743
138	987	6.18228
139	35	3.16228
139	43	3.64829
139	91	3.16228
139	125	3.31375
139	126	3.31375
139	142	3.31375
139	145	3.31375
139	172	3.31375
139	182	3.31375
139	183	3.31375
139	212	3.31375
140	71	1.96637
140	208	2.22745
140	219	3.08756
140	278	2.28319
140	336	2.99638
140	479	3.05886
140	516	3.04999
140	672	3.92141
140	719	4.14077
140	789	4.642
140	791	4.54816
141	569	0.893445
141	691	1.72071
141	702	1.84521
141	809	2.74338
141	852	2.859
141	882	3.2122
141	925	3.89113
141	941	4.24934
141	965	4.74096
141	970	4.49611
141	985	4.92649
142	27	3.64829
142	35	3.16228
142	91	3.16228
142	125	3.31375
142	126	3.31375
142	139	3.31375
142	145	3.31375
142	172	3.31375
142	182	3.31375
142	183	3.31375
142	212	3.31375
143	69	2.49215
143	90	2.50859
143	122	2.58053
143	207	2.75204
143	249	2.74439
143	353	2.88651
143	372	3.33742
143	374	3.33891
143	434	3.36104
143	437	3.36104
143	467	3.47195
144	69	2.75021
144	90	2.76664
144	207	3.01009
144	249	3.00244
144	353	3.14457
144	372	3.59547
144	374	3.59696
144	434	3.6191
144	437	3.6191
144	467	3.73001
144	635	3.03029
145	35	3.16228
145	91	3.16228
145	125	3.31375
145	126	3.31375
145	139	3.31375
145	142	3.31375
145	172	3.31375
145	182	3.31375
145	183	3.31375
145	212	3.31375
145	565	2.26128
146	328	1.48171
146	432	1.81409
146	477	5.80948
146	500	2.37205
146	535	2.39845
146	539	2.47959
146	916	4.1702
146	928	4.26159
146	931	4.52691
146	956	4.7522
146	960	4.5778
147	641	3.20538
147	646	3.34359
147	667	3.23251
147	685	3.55229
147	689	3.44666
147	709	5.59663
147	718	3.8814
147	732	3.72181
147	779	4.01518
147	823	4.43577
147	862	0.181359
148	104	3.64829
148	804	1.76398
148	868	2.27215
148	877	2.2335
148	924	3.05201
148	929	3.20852
148	967	3.80597
148	969	3.76503
148	980	3.92527
148	998	4.40408
148	1000	4.40408
149	532	1.11678
149	611	2.87098
149	740	2.56316
149	785	2.50529
149	835	3.0099
149	872	3.51343
149	898	3.72318
149	916	3.84319
149	928	3.93458
149	931	4.1999
149	956	4.42518
150	124	2.72047
150	188	2.63626
150	279	2.89941
150	296	3.26768
150	428	3.06466
150	455	3.21975
150	497	3.46505
150	546	3.83638
150	603	3.78464
150	631	3.94028
150	837	3.69722
151	9	2.34798
151	218	2.20745
151	325	2.85753
151	507	2.87215
151	602	3.40821
151	621	3.42358
151	644	3.5074
151	734	3.87824
151	828	3.58991
151	842	4.01668
151	955	4.60369
152	38	2.78394
152	72	2.78394
152	160	2.97116
152	271	3.05699
152	303	3.36401
152	316	3.53425
152	334	3.36401
152	335	3.53425
152	415	3.81492
152	751	3.6271
152	941	3.25288
153	257	4.15692
153	663	1.60108
153	732	2.46869
153	779	2.76206
153	823	3.18265
153	890	3.36013
153	894	3.31562
153	912	3.45371
153	930	3.87268
153	964	4.27985
153	977	4.53811
154	50	0.140882
154	686	6.52914
154	766	1.87747
154	788	2.25186
154	858	2.78274
154	861	3.20622
154	939	3.99002
154	952	4.19454
154	982	4.592
154	986	4.88604
154	993	5.05369
155	23	1.87078
155	109	1.87078
155	158	2.12926
155	196	2.12926
155	204	1.83456
155	427	2.18917
155	700	2.62425
155	866	4.31785
155	904	4.1839
155	960	5.8232
155	981	5.69614
156	67	0.890244
156	335	3.40776
156	549	2.08131
156	721	2.88017
156	772	3.31716
156	787	3.21347
156	829	3.57922
156	874	3.82803
156	895	3.95074
156	919	4.30443
156	947	4.78982
157	17	2.90186
157	26	2.7999
157	133	3.6929
157	166	3.14614
157	173	3.46023
157	270	1.86135
157	272	3.96886
157	498	5.80948
157	563	3.36354
157	605	3.74499
157	618	3.89482
158	23	1.59766
158	109	1.59766
158	155	2.12926
158	196	1.85615
158	700	2.35113
158	746	2.10659
158	866	4.04474
158	904	3.91078
158	960	5.55009
158	981	5.42302
159	330	2.47284
159	361	2.47284
159	421	2.92374
159	583	1.03935
159	744	3.47415
159	768	3.51286
159	806	3.93032
159	880	4.04608
159	891	4.04684
159	950	4.91558
159	955	5.07407
160	38	2.87631
160	72	2.87631
160	86	2.88817
160	152	2.97116
160	271	3.14936
160	303	3.45638
160	316	3.62662
160	334	3.45638
160	335	3.62662
160	415	3.90728
160	900	4.10376
161	13	2.98452
161	40	2.98452
161	101	2.8696
161	181	2.98452
161	330	3.80785
161	361	3.80785
161	421	4.25875
161	666	3.28363
161	819	3.90281
161	845	0.188261
161	921	5.23417
162	504	2.46246
162	536	2.34042
162	565	2.76639
162	613	2.69104
162	662	3.04427
162	673	3.6694
162	744	3.58341
162	768	3.62212
162	806	4.03958
162	828	3.22768
162	988	5.05721
163	776	5.43481
163	844	2.19866
163	869	2.35438
163	881	2.50606
163	932	3.1331
163	946	3.47859
163	953	3.43774
163	968	3.65551
163	975	3.71563
163	978	3.92392
163	995	4.43099
164	451	1.38531
164	606	1.32334
164	704	2.39184
164	777	3.15997
164	799	3.26553
164	811	3.21912
164	844	3.92646
164	907	4.22865
164	922	4.55752
164	934	4.52847
164	940	4.77484
165	344	3.1682
165	795	2.17817
165	849	2.79852
165	865	2.73127
165	871	2.9184
165	876	3.13532
165	893	3.1076
165	938	3.59806
165	944	3.7232
165	974	4.24252
165	984	4.40154
166	17	2.58777
166	26	2.48581
166	133	3.37881
166	157	3.14614
166	173	3.14614
166	272	3.65477
166	563	3.04944
166	605	3.4309
166	618	3.58072
166	915	4.41002
167	14	2.9589
167	30	2.73471
167	54	3.64829
167	102	2.73471
167	190	2.93963
167	240	3.16237
167	263	3.16237
167	283	3.2602
167	333	3.45127
167	391	3.90217
167	862	4.52823
168	78	0.78538
168	186	1.11386
168	445	2.37964
168	561	2.94215
168	696	3.41239
168	723	2.09326
168	868	4.35236
168	903	3.89147
168	917	5.34129
168	933	5.32027
168	948	5.55487
169	69	3.05761
169	102	1.58114
169	173	3.64829
169	207	3.3175
169	249	3.30984
169	353	3.45197
169	372	3.90288
169	374	3.90437
169	434	3.9265
169	437	3.9265
169	467	4.03741
170	609	0.830641
170	747	1.46396
170	868	2.55428
170	924	3.33414
170	929	3.49065
170	936	3.53393
170	960	4.0746
170	969	4.04716
170	980	4.2074
170	998	4.68621
170	1000	4.68621
171	20	1.88527
171	278	2.30086
171	358	2.37655
171	479	3.07653
171	516	3.06766
171	598	3.32251
171	672	3.93908
171	719	4.15844
171	780	4.04802
171	789	4.65966
171	874	4.27971
172	35	3.16228
172	91	3.16228
172	125	3.31375
172	126	3.31375
172	139	3.31375
172	142	3.31375
172	145	3.31375
172	182	3.31375
172	183	3.31375
172	212	3.31375
172	594	2.72021
173	17	2.90186
173	26	2.7999
173	133	3.6929
173	157	3.46023
173	166	3.14614
173	169	3.64829
173	270	1.86135
173	272	3.96886
173	563	3.36354
173	605	3.74499
173	618	3.89482
174	357	0.796215
174	562	0.618062
174	854	2.44683
174	888	3.13451
174	942	3.8485
174	956	1.77713
174	961	3.92036
174	990	4.67434
174	992	4.55442
174	994	4.91199
174	999	4.72557
175	480	2.61979
175	622	0.749089
175	818	2.59315
175	825	2.54232
175	849	3.04971
175	865	2.98247
175	893	3.35879
175	944	3.97439
175	974	4.49372
175	983	4.4382
175	984	4.65274
176	405	1.20766
176	491	0.913191
176	733	2.38436
176	771	2.98972
176	807	2.50715
176	818	3.29017
176	871	3.86661
176	972	3.58455
176	974	5.19074
176	983	5.13522
176	984	5.34976
177	283	1.6926
177	333	1.88367
177	391	2.33457
177	648	1.57741
177	789	3.34713
177	890	3.68901
177	913	3.92287
177	927	4.02655
177	930	4.20156
177	962	4.82775
177	963	4.6786
178	590	5.13672
178	741	2.49649
178	765	2.60599
178	773	2.75121
178	784	2.28586
178	859	3.24655
178	860	3.34631
178	890	3.82415
178	894	3.77963
178	927	4.16169
178	930	4.3367
179	329	0.580949
179	528	6.4
179	619	1.46676
179	640	1.37387
179	796	2.67635
179	918	3.89476
179	951	4.42367
179	957	4.51146
179	958	4.51146
179	962	4.77222
179	963	4.62308
180	499	0.668973
180	650	1.78149
180	699	2.19107
180	754	2.15079
180	801	3.7048
180	882	3.29987
180	925	3.9788
180	941	4.33701
180	965	4.82863
180	970	4.58378
180	985	5.01416
181	13	2.43776
181	40	2.43776
181	101	2.32284
181	161	2.98452
181	330	3.26109
181	361	3.26109
181	421	3.71199
181	819	3.35605
181	921	4.6874
181	982	3.55117
182	35	3.16228
182	91	3.16228
182	125	3.31375
182	126	3.31375
182	139	3.31375
182	142	3.31375
182	145	3.31375
182	172	3.31375
182	183	3.31375
182	212	3.31375
182	793	3.69018
183	35	3.16228
183	91	3.16228
183	125	3.31375
183	126	3.31375
183	139	3.31375
183	142	3.31375
183	145	3.31375
183	172	3.31375
183	182	3.31375
183	212	3.31375
183	380	4.30231
184	585	1.01381
184	635	1.14858
184	714	1.53253
184	785	3.2773
184	815	2.24365
184	923	3.69072
184	929	3.90818
184	969	4.46469
184	980	4.62493
184	998	5.10374
184	1000	5.10374
185	273	2.16229
185	398	2.1792
185	515	2.61665
185	581	2.17981
185	764	3.06358
185	769	2.25724
185	792	3.42169
185	839	3.54557
185	950	4.51139
185	970	4.76518
185	985	5.19556
186	168	1.11386
186	299	4.68722
186	445	1.77888
186	561	2.34139
186	683	2.89169
186	696	2.81163
186	830	3.67045
186	857	3.81254
186	917	4.74053
186	933	4.71951
186	948	4.95411
187	211	2.88413
187	229	2.98323
187	258	2.98545
187	267	2.91216
187	291	2.91599
187	318	3.04426
187	468	3.42778
187	500	3.88524
187	535	3.91165
187	559	3.88469
187	641	3.17735
188	95	3.64829
188	124	2.72382
188	150	2.63626
188	275	3.02019
188	288	3.19995
188	321	2.99153
188	455	3.2231
188	497	3.4684
188	546	3.83972
188	603	3.78799
188	631	3.94362
189	96	3.64829
189	636	0.843237
189	847	2.5875
189	867	2.80584
189	908	3.13406
189	918	3.34931
189	951	3.87822
189	957	3.96601
189	958	3.96601
189	962	4.22677
189	963	4.07763
190	14	2.9589
190	30	2.73471
190	102	2.73471
190	167	2.93963
190	240	3.16237
190	263	3.16237
190	283	3.2602
190	333	3.45127
190	391	3.90217
190	862	4.52823
190	979	4.57775
191	194	3.64829
191	444	1.42703
191	445	1.64667
191	458	1.53419
191	830	3.53824
191	857	3.68033
191	864	3.83212
191	903	3.1585
191	917	4.60832
191	933	4.5873
191	948	4.8219
192	38	3.64829
192	403	0.23305
192	510	0.289097
192	725	1.65053
192	888	3.39158
192	942	4.10557
192	971	3.27015
192	990	4.93141
192	992	4.81149
192	994	5.16906
192	999	4.98264
193	128	2.81715
193	230	3.16882
193	276	3.0332
193	308	2.30215
193	344	3.65836
193	398	3.6748
193	399	2.28486
193	488	3.64546
193	515	4.11226
193	809	4.13752
193	915	4.89603
194	191	3.64829
194	435	1.08267
194	704	2.20506
194	750	2.69619
194	775	2.96461
194	799	3.07875
194	838	3.46492
194	907	4.04188
194	922	4.37074
194	934	4.34169
194	940	4.58806
195	330	2.41393
195	361	2.41393
195	411	1.50753
195	421	2.86483
195	747	2.42162
195	761	6.00037
195	917	4.8557
195	945	2.2027
195	948	5.06928
195	998	5.64388
195	1000	5.64388
196	23	1.59766
196	109	1.59766
196	155	2.12926
196	158	1.85615
196	700	2.35113
196	866	4.04474
196	904	3.91078
196	941	2.76687
196	960	5.55009
196	981	5.42302
197	57	0.287218
197	634	1.88697
197	673	2.17504
197	740	2.9612
197	835	3.40793
197	898	4.12122
197	916	4.24122
197	928	4.33262
197	931	4.59794
197	947	3.60629
197	956	4.82322
198	692	0.874673
198	768	3.89032
198	790	1.55662
198	923	3.072
198	929	3.28945
198	936	3.33274
198	967	3.8869
198	969	3.84596
198	980	4.00621
198	998	4.48502
198	1000	4.48502
199	295	2.01292
199	441	1.66884
199	646	3.25239
199	685	3.46109
199	689	3.35546
199	718	3.7902
199	732	3.63062
199	761	5.75719
199	779	3.92398
199	823	4.34457
199	887	3.39452
200	526	0.85175
200	592	1.41734
200	769	3.20647
200	827	3.03071
200	837	3.25246
200	845	3.08505
200	853	3.2778
200	912	3.84237
200	949	4.48181
200	964	4.66852
200	977	4.92677
201	576	1.57101
201	620	1.29285
201	660	1.86933
201	685	2.99939
201	686	1.8661
201	844	3.20016
201	905	3.68886
201	953	4.43924
201	968	4.657
201	979	4.81755
201	995	5.43248
202	6	2.94252
202	54	2.69164
202	59	2.69164
202	83	2.83738
202	121	3.06792
202	132	3.06792
202	215	3.06792
202	541	2.52978
202	664	3.37088
202	857	4.08519
202	987	6.56698
203	581	2.25495
203	645	2.32971
203	674	1.98859
203	692	3.63815
203	792	3.49684
203	831	3.18523
203	839	3.62071
203	880	3.71704
203	891	3.71779
203	909	3.9372
203	950	4.58653
204	155	1.83456
204	261	3.65629
204	378	3.88553
204	394	3.85569
204	573	4.54417
204	595	4.51283
204	652	4.7784
204	687	3.6513
204	722	3.95037
204	726	5.32993
204	922	0.0752041
205	470	0.869423
205	733	1.97735
205	795	2.71937
205	825	2.83233
205	864	4.55803
205	871	3.4596
205	876	3.67652
205	893	3.6488
205	938	4.13927
205	974	4.78372
205	983	4.72821
206	113	3.64829
206	214	2.68523
206	231	3.20229
206	245	3.0566
206	255	2.88914
206	317	3.20585
206	319	2.27531
206	396	3.69442
206	566	4.0559
206	584	4.19687
206	627	3.57299
207	69	2.94056
207	90	2.957
207	122	3.02895
207	143	2.75204
207	144	3.01009
207	169	3.3175
207	353	3.33493
207	372	3.78583
207	374	3.78732
207	467	3.92037
207	899	4.94937
208	71	1.93459
208	140	2.22745
208	247	2.45075
208	453	3.20532
208	479	3.02708
208	672	3.88963
208	719	4.109
208	753	3.33346
208	776	2.73602
208	789	4.61022
208	791	4.51638
209	62	1.85198
209	358	2.28737
209	360	2.80837
209	384	2.38389
209	491	5.80948
209	516	2.97848
209	598	3.23333
209	719	4.06926
209	789	4.57049
209	791	4.47665
209	866	4.17477
210	532	1.4866
210	634	1.85876
210	666	1.91576
210	740	2.93298
210	785	2.87511
210	872	3.88325
210	915	4.89603
210	916	4.21301
210	928	4.3044
210	931	4.56972
210	956	4.795
211	187	2.88413
211	258	2.93163
211	291	2.86217
211	318	2.99045
211	364	2.99244
211	401	3.19852
211	409	5.23832
211	468	3.37397
211	500	3.83143
211	539	3.93896
211	559	3.83088
212	35	3.16228
212	91	3.16228
212	125	3.31375
212	126	3.31375
212	139	3.31375
212	142	3.31375
212	145	3.31375
212	172	3.31375
212	182	3.31375
212	183	3.31375
212	572	4.08904
213	699	1.89987
213	774	2.21147
213	800	2.0024
213	817	2.4258
213	882	3.00867
213	917	4.44159
213	925	3.6876
213	941	4.04581
213	965	4.53743
213	970	4.29258
213	985	4.72296
214	206	2.68523
214	231	3.0727
214	245	2.92701
214	255	2.75955
214	317	3.07626
214	392	3.51201
214	396	3.56482
214	450	3.24344
214	566	3.9263
214	584	4.06727
214	890	3.64186
215	6	2.94252
215	54	2.69164
215	59	2.69164
215	83	2.83738
215	121	3.06792
215	132	3.06792
215	202	3.06792
215	541	2.52978
215	640	4.71514
215	664	3.37088
215	987	6.56698
216	236	2.95462
216	300	3.25568
216	301	3.17201
216	319	2.40112
216	378	3.37847
216	394	3.34863
216	573	4.03711
216	595	4.00577
216	652	4.27134
216	687	3.14424
216	722	3.44331
216	766	6.3761
217	68	4.15692
217	382	1.76938
217	427	1.49221
217	664	2.34115
217	706	2.91999
217	729	3.12929
217	749	3.1329
217	855	3.9407
217	878	4.23433
217	892	4.5724
217	937	4.88076
217	981	4.99918
218	1	2.30113
218	36	4.15692
218	151	2.20745
218	233	2.79261
218	325	3.26073
218	409	2.93995
218	507	3.27535
218	621	3.82678
218	627	3.47091
218	644	3.9106
218	842	4.41988
218	955	5.00689
219	76	2.06955
219	140	3.08756
219	297	2.58915
219	423	2.33565
219	428	2.59623
219	546	3.36795
219	631	3.47186
219	690	1.62968
219	728	3.54635
219	965	5.83163
219	970	5.58677
219	985	6.01716
220	498	1.16679
220	511	1.33854
220	765	2.97095
220	773	3.11617
220	834	3.22336
220	859	3.61151
220	890	4.18911
220	894	4.14459
220	913	4.42297
220	927	4.52665
220	930	4.70166
220	985	4.79654
221	76	2.52772
221	369	2.49179
221	439	2.9835
221	505	3.00585
221	646	3.73625
221	650	2.20499
221	667	3.62517
221	685	3.94495
221	718	4.27406
221	732	4.11447
221	779	4.40784
221	823	4.82843
222	68	2.0831
222	106	2.11649
222	257	2.52248
222	337	2.58115
222	576	0.745737
222	592	2.64259
222	712	3.77823
222	761	3.82746
222	822	4.51248
222	889	5.4338
222	899	5.41415
222	910	5.14297
223	509	1.81385
223	540	1.78292
223	645	4.12685
223	658	2.26934
223	709	2.76688
223	760	2.90539
223	783	3.40469
223	885	3.50819
223	914	4.3382
223	945	4.71992
223	954	4.86224
223	960	5.04069
224	345	1.17903
224	449	1.36604
224	495	5.80948
224	548	1.87879
224	666	2.4592
224	673	2.69026
224	740	3.47642
224	872	4.42669
224	898	4.63644
224	928	4.84784
224	931	5.11315
224	956	5.33844
225	640	1.35197
225	682	4.09822
225	796	2.65444
225	856	3.14307
225	900	1.08085
225	908	3.6576
225	918	3.87285
225	951	4.40177
225	957	4.48956
225	958	4.48956
225	962	4.75032
225	963	4.60117
226	87	2.53924
226	231	3.20073
226	245	3.05504
226	255	2.88758
226	317	3.20429
226	392	3.64004
226	396	3.69285
226	450	3.37147
226	566	4.05433
226	584	4.1953
226	627	3.57143
226	981	4.63036
227	236	2.74993
227	261	2.94453
227	300	3.05098
227	301	2.96732
227	378	3.17377
227	394	3.14394
227	573	3.83242
227	595	3.80107
227	652	4.06665
227	722	3.23862
227	842	4.44308
227	909	3.56465
228	8	4.15692
228	100	2.09807
228	314	2.44033
228	461	2.83708
228	554	3.33352
228	572	3.38637
228	610	3.42754
228	639	3.56567
228	684	3.94979
228	703	3.88439
228	715	4.02831
228	764	4.46123
229	187	2.98323
229	258	3.03073
229	267	2.95744
229	318	3.08955
229	364	3.09154
229	401	3.29762
229	420	3.56416
229	468	3.47306
229	535	3.95693
229	539	4.03806
229	559	3.92998
229	695	4.99023
230	34	3.09631
230	97	2.76889
230	128	2.94188
230	193	3.16882
230	273	3.78262
230	276	3.15793
230	308	2.42688
230	359	4.68722
230	398	3.79953
230	488	3.77019
230	515	4.23699
230	809	4.26225
231	206	3.20229
231	214	3.0727
231	226	3.20073
231	245	3.44408
231	317	3.59332
231	392	4.02908
231	396	4.08189
231	450	3.7605
231	562	4.43591
231	566	4.44337
231	584	4.58434
231	719	0.769479
232	3	1.7866
232	135	1.82019
232	251	1.98687
232	324	2.63626
232	522	3.83989
232	678	2.5977
232	783	3.25252
232	897	4.27636
232	935	4.28379
232	945	4.56775
232	964	4.97301
232	977	5.23126
233	1	2.48309
233	107	2.25448
233	130	4.15692
233	218	2.79261
233	404	1.84429
233	409	3.12191
233	507	3.45731
233	602	3.99337
233	621	4.00874
233	644	4.09256
233	828	4.17508
233	955	5.18885
234	435	1.34927
234	679	2.4035
234	704	2.47166
234	750	2.96279
234	775	3.23121
234	777	3.23978
234	799	3.34535
234	907	4.30847
234	922	4.63734
234	934	4.60829
234	940	4.85466
234	963	4.67029
235	649	2.12306
235	710	2.50666
235	744	3.05003
235	756	2.55462
235	768	3.08874
235	793	3.27698
235	805	3.09541
235	806	3.5062
235	902	6.01789
235	949	4.52631
235	964	4.71302
235	977	4.97127
236	42	2.50831
236	216	2.95462
236	227	2.74993
236	261	3.03741
236	300	3.14386
236	378	3.26665
236	394	3.23681
236	573	3.92529
236	595	3.89395
236	652	4.15952
236	842	4.53595
236	878	4.72687
237	360	3.49457
237	383	1.62658
237	425	1.0035
237	548	1.74894
237	666	2.32935
237	785	3.2887
237	835	3.7933
237	872	4.29684
237	898	4.50659
237	916	4.6266
237	931	4.98331
237	956	5.20859
238	98	0.655037
238	509	1.69284
238	669	2.7366
238	671	2.67657
238	737	3.66912
238	786	2.86086
238	914	4.2172
238	926	4.3605
238	935	4.31496
238	954	4.74123
238	966	4.51713
238	989	4.63937
239	352	1.10253
239	586	5.33313
239	783	3.43698
239	786	3.01415
239	794	3.10595
239	834	0.748507
239	885	3.54048
239	902	3.94881
239	914	4.37048
239	945	4.7522
239	954	4.89452
239	991	5.2462
240	14	3.18164
240	30	2.95745
240	102	2.95745
240	167	3.16237
240	190	3.16237
240	263	3.38511
240	283	3.48294
240	304	2.57308
240	333	3.67401
240	391	4.12491
240	862	4.75097
240	952	4.47057
241	3	3.19535
241	31	3.14522
241	108	3.0325
241	112	3.17882
241	127	3.10775
241	135	3.22894
241	251	3.39562
241	324	4.04501
241	481	2.3929
241	669	4.11418
241	780	4.57599
241	832	6.06702
242	111	1.91397
242	257	2.07692
242	590	3.20461
242	604	2.81941
242	698	3.17641
242	703	4.41218
242	712	3.33267
242	734	3.39555
242	755	3.95321
242	822	4.06693
242	910	4.69741
242	955	4.7752
243	426	5.23832
243	524	1.59502
243	532	1.83958
243	666	2.26875
243	835	3.7327
243	872	4.23623
243	898	4.44598
243	916	4.56599
243	928	4.65738
243	931	4.9227
243	942	0.00797376
243	956	5.14798
244	277	1.49077
244	623	2.16002
244	645	2.49875
244	704	3.91975
244	792	3.66588
244	831	3.35428
244	839	3.78975
244	891	3.88683
244	909	4.10624
244	910	3.89441
244	943	3.80978
244	950	4.75558
245	87	2.78258
245	206	3.0566
245	214	2.92701
245	226	3.05504
245	231	3.44408
245	317	3.44764
245	396	3.9362
