1	467	3.81272
1	764	2.47271
1	796	1.56454
1	846	2.56167
1	921	2.93017
1	934	3.05104
1	959	3.59737
1	968	3.77345
1	983	3.76857
1	998	4.0514
2	7	2.42913
2	164	2.63416
2	192	2.63416
2	232	2.80033
2	234	3.1428
2	244	2.63416
2	302	3.27171
2	366	0.459559
2	717	5.83436
2	984	5.75178
3	200	1.81851
3	513	2.55193
3	534	2.53621
3	572	2.68596
3	616	2.8342
3	620	1.43749
3	674	3.32241
3	758	4.91425
3	946	4.38817
3	990	5.16083
4	46	2.56897
4	130	0.429845
4	243	3.02657
4	247	2.94441
4	387	2.83429
4	400	3.31057
4	445	3.24968
4	496	3.46878
4	786	3.89494
4	826	5.97761
5	29	2.92051
5	89	2.80213
5	131	3.12602
5	146	2.80213
5	172	2.80213
5	182	2.80213
5	226	3.63466
5	545	3.87046
5	654	2.52034
5	807	4.4085
6	132	1.72689
6	176	2.334
6	217	4.29571
6	229	2.4917
6	280	2.80899
6	453	3.25188
6	525	3.44643
6	530	3.74044
6	559	3.43026
6	584	3.79452
7	2	2.42913
7	164	2.63416
7	192	2.63416
7	232	2.80033
7	234	3.1428
7	244	2.63416
7	302	3.27171
7	823	2.30062
7	984	5.75178
7	988	4.02199
8	83	1.83447
8	91	1.69912
8	273	4.16957
8	513	2.99745
8	534	2.98172
8	572	3.13148
8	616	3.27972
8	674	3.76793
8	957	2.10424
8	990	5.60635
9	214	0.979432
9	461	1.85951
9	634	0.714186
9	683	4.47098
9	816	2.65343
9	828	2.63522
9	872	3.61287
9	971	4.75358
9	972	4.86427
9	992	5.08525
10	18	2.8304
10	82	2.8304
10	96	2.85838
10	181	3.08976
10	255	3.22916
10	258	3.22916
10	294	3.70053
10	327	2.02901
10	741	3.5304
10	919	4.40291
11	820	1.2309
11	842	2.20814
11	933	2.78121
11	941	3.06153
11	953	4.13365
11	965	3.48172
11	979	3.65884
11	980	3.57697
11	981	3.59182
11	997	3.91523
12	109	2.5507
12	218	1.4286
12	319	1.82677
12	422	2.24145
12	592	2.65417
12	853	4.88248
12	868	4.63262
12	891	5.08142
12	897	0.846256
12	951	5.46723
13	193	1.66656
13	554	1.92489
13	679	2.84263
13	716	2.91636
13	746	2.991
13	856	4.15408
13	871	4.24682
13	874	4.55588
13	981	4.27529
13	991	2.09949
14	502	1.33692
14	624	2.27687
14	743	2.62608
14	763	4.99862
14	778	2.94445
14	789	2.64063
14	809	3.34473
14	813	2.98619
14	882	3.65963
14	990	4.81963
15	527	1.41197
15	671	3.07099
15	672	3.071
15	689	2.3409
15	726	3.21242
15	739	3.02362
15	761	4.91609
15	774	3.29927
15	802	3.7336
15	815	3.54643
16	221	2.94273
16	279	2.99149
16	313	3.24435
16	369	2.70889
16	372	3.19263
16	382	3.05658
16	462	3.27737
16	859	3.88416
16	867	2.23752
16	894	4.11775
17	48	4.08457
17	194	2.02181
17	257	2.08808
17	428	3.10944
17	602	2.93351
17	647	3.30751
17	689	3.336
17	726	4.20752
17	774	4.29437
17	899	2.25173
18	10	2.8304
18	82	2.80244
18	96	2.83041
18	181	3.06179
18	255	3.20119
18	258	3.20119
18	294	3.67256
18	944	1.28787
18	996	4.13147
19	251	0.385439
19	333	1.16951
19	393	1.20643
19	438	2.54428
19	617	1.67292
19	711	3.75229
19	912	4.63333
19	943	5.01307
19	950	5.22072
19	969	5.9968
20	146	0.225662
20	590	0.694519
20	748	2.27418
20	779	2.75659
20	866	6.21234
20	868	3.28076
20	915	4.16992
20	927	3.84495
20	932	4.17572
20	939	4.10158
21	169	0.530461
21	536	1.7094
21	797	3.12664
21	821	2.85799
21	910	3.65911
21	916	4.02329
21	921	2.64639
21	931	4.21245
21	944	4.3082
21	988	4.52979
22	543	3.33455
22	690	3.05952
22	870	2.24623
22	872	2.63916
22	889	2.58663
22	894	2.18591
22	971	3.77987
22	972	3.89056
22	985	3.85833
22	992	4.11154
23	78	3.77413
23	243	2.65546
23	260	2.50489
23	264	2.58288
23	280	2.83486
23	325	3.03884
23	453	3.27774
23	525	3.47229
23	530	3.7663
23	584	3.82039
24	764	1.47711
24	790	1.87192
24	856	3.05589
24	871	3.14863
24	874	3.45769
24	893	2.09482
24	913	3.47048
24	948	4.2512
24	974	4.3271
24	993	4.48941
25	174	0.422974
25	817	1.55976
25	863	2.23571
25	899	2.95584
25	911	2.94581
25	933	5.92351
25	950	3.30435
25	969	4.08044
25	978	3.83475
25	1000	4.38156
26	699	2.45549
26	723	3.90078
26	791	1.98686
26	799	2.50766
26	860	2.7477
26	878	3.13194
26	881	3.12054
26	924	3.76161
26	925	3.95374
26	940	4.08817
27	789	3.60805
27	841	1.81738
27	883	2.66165
27	890	2.56246
27	897	2.66695
27	907	2.90684
27	937	3.28054
27	948	3.77903
27	991	4.14274
27	995	4.14759
28	183	2.28844
28	205	1.81239
28	271	2.21922
28	277	2.16767
28	432	2.846
28	665	3.40209
28	720	3.86185
28	767	4.135
28	818	4.37794
28	971	4.52608
29	5	2.92051
29	89	2.92051
29	131	3.2444
29	146	2.92051
29	172	2.92051
29	182	2.92051
29	226	3.75304
29	672	1.86895
29	829	3.49959
30	532	2.46769
30	624	2.74391
30	728	3.05315
30	784	3.36071
30	788	3.56126
30	795	2.53158
30	813	3.45324
30	873	3.37794
30	882	4.12668
30	948	2.99246
31	568	0.917346
31	581	1.7745
31	699	4.50911
31	742	2.26493
31	829	3.45823
31	834	2.88438
31	885	3.8683
31	895	3.86392
31	905	3.94678
31	913	4.09434
32	313	2.21947
32	369	1.68401
32	645	2.13382
32	725	2.69568
32	859	2.85928
32	914	4.29929
32	915	4.75101
32	926	4.65567
32	963	3.12555
32	978	3.27099
33	434	2.08929
33	576	0.357134
33	828	2.05492
33	834	4.18469
33	870	2.63964
33	872	3.03257
33	971	4.17328
33	972	4.28397
33	985	4.25175
33	992	4.50495
34	190	3.24862
34	404	2.98898
34	832	1.87256
34	883	2.47461
34	935	3.14588
34	937	3.0935
34	947	3.20342
34	948	3.59199
34	991	3.9557
34	995	3.96055
35	236	1.71799
35	253	2.687
35	448	4.45938
35	540	2.71157
35	541	2.72025
35	571	3.11686
35	577	3.0999
35	684	3.54917
35	686	3.51748
35	691	3.89601
36	131	1.62085
36	226	2.12949
36	751	2.87675
36	769	3.12554
36	811	3.39959
36	826	3.57166
36	864	2.87473
36	885	3.96861
36	895	3.96424
36	906	4.21315
37	642	2.25803
37	688	1.56519
37	752	1.26762
37	759	1.67062
37	823	4.04557
37	896	3.05468
37	929	3.81455
37	974	4.45818
37	993	4.62049
37	999	4.8469
38	86	3.67754
38	169	0.982578
38	630	1.88457
38	651	2.67916
38	767	2.63404
38	777	3.11392
38	797	3.57875
38	798	3.63436
38	931	4.66456
38	944	4.76032
39	561	1.5688
39	656	2.0114
39	660	1.95863
39	738	2.44043
39	849	1.90556
39	908	4.1101
39	915	4.4328
39	926	4.33747
39	932	4.4386
39	981	4.46344
40	308	1.9192
40	339	1.77221
40	401	1.91533
40	476	2.13421
40	598	6.29663
40	673	2.92381
40	751	3.40554
40	758	3.64522
40	769	3.65433
40	811	3.92838
41	174	1.6004
41	573	1.84117
41	639	2.72261
41	747	2.5188
41	768	2.76981
41	831	3.63691
41	851	3.61984
41	854	3.90453
41	909	4.72688
41	910	4.28454
42	451	1.39399
42	796	1.47383
42	846	2.47096
42	921	2.83946
42	949	4.91669
42	958	3.8207
42	968	3.68274
42	983	3.67786
42	988	3.37198
42	998	3.96069
43	61	1.58275
43	183	2.41915
43	341	1.95639
43	565	3.04018
43	665	3.53281
43	720	3.99256
43	723	2.60669
43	767	4.26572
43	790	3.75192
43	818	4.50866
44	128	0.89984
44	300	1.35013
44	639	3.25778
44	747	3.05398
44	768	3.30498
44	831	4.17209
44	854	4.43971
44	886	2.78955
44	910	4.81972
44	927	3.53307
45	587	0.042734
45	787	1.84311
45	847	1.94145
45	903	2.57223
45	910	4.46918
45	965	3.98516
45	979	4.16229
45	980	4.08041
45	981	4.09526
45	997	4.41868
46	4	2.56897
46	208	2.69535
46	247	3.13424
46	275	3.27703
46	387	3.02412
46	400	3.5004
46	445	3.4395
46	496	3.6586
46	622	2.3894
46	651	3.82415
47	134	1.82473
47	140	2.12482
47	162	4.84279
47	204	2.42492
47	209	2.12482
47	221	1.39041
47	421	2.74822
47	448	3.23826
47	960	5.07396
47	973	5.7385
48	17	4.08457
48	575	2.22247
48	627	1.84369
48	669	1.97717
48	748	2.59042
48	779	3.07283
48	853	3.84687
48	868	3.597
48	891	4.04581
48	982	4.32444
49	280	0.887456
49	482	5.36091
49	676	1.15519
49	860	2.80362
49	877	3.0038
49	878	3.18786
49	881	3.17646
49	924	3.81753
49	925	4.00967
49	940	4.14409
50	90	0.462884
50	613	2.50896
50	641	2.3647
50	753	2.33822
50	771	3.2571
50	783	3.25935
50	858	3.97662
50	897	4.30637
50	931	4.00014
50	949	5.16225
51	183	2.48666
51	277	2.36589
51	329	5.71439
51	553	1.95751
51	565	3.10768
51	665	3.60031
51	767	4.33322
51	818	4.57616
51	833	2.87079
51	940	0.757683
52	67	2.15848
52	295	2.63086
52	493	3.01504
52	495	2.86397
52	574	3.56446
52	605	3.26594
52	625	1.15514
52	632	5.22947
52	766	2.27046
52	967	5.52899
53	145	2.95377
53	185	2.95377
53	222	3.07879
53	231	3.07879
53	245	3.07879
53	286	3.52536
53	288	3.07879
53	319	4.74397
53	337	3.55016
53	624	1.62956
54	101	2.59894
54	132	1.52673
54	161	2.71556
54	266	2.64194
54	465	3.1929
54	509	3.29841
54	516	3.37559
54	552	3.49237
54	601	3.9825
54	755	4.58968
55	130	2.27973
55	196	1.86499
55	317	4.50178
55	349	2.03828
55	391	2.82311
55	547	2.77788
55	802	4.75321
55	814	1.9021
55	876	3.48622
55	976	5.27479
56	481	1.89142
56	546	1.69015
56	719	3.53671
56	720	2.83191
56	778	2.97799
56	784	2.92721
56	809	3.37827
56	882	3.69317
56	975	4.08822
56	982	4.6518
57	361	0.379838
57	608	1.27797
57	632	1.38986
57	704	0.617931
57	827	2.70259
57	932	5.79021
57	956	4.49308
57	974	4.83462
57	993	4.99693
57	999	5.22333
58	167	2.34568
58	316	1.91729
58	375	2.54581
58	441	2.68357
58	570	3.20189
58	580	3.40771
58	619	3.99122
58	667	3.83109
58	671	3.85543
58	672	3.85543
59	695	1.64208
59	718	2.33583
59	830	2.99392
59	848	3.12239
59	850	3.20508
59	904	3.77854
59	914	3.97638
59	942	4.244
59	984	2.05487
59	990	4.32079
60	374	1.46162
60	458	0.514658
60	619	0.715657
60	928	3.46959
60	938	3.72398
60	939	4.03212
60	955	4.0931
60	962	4.11075
60	996	4.63836
60	998	4.87335
61	43	1.58275
61	309	1.78708
61	432	2.66025
61	556	2.41883
61	630	5.75831
61	720	3.67609
61	735	0.568622
61	767	3.94925
61	818	4.19218
61	967	5.03181
62	358	4.54902
62	530	1.61654
62	640	0.613794
62	870	2.47081
62	872	2.86375
62	889	2.81122
62	971	4.00445
62	972	4.11515
62	985	4.08292
62	992	4.33613
63	585	1.78054
63	632	3.9425
63	639	2.73256
63	705	2.5197
63	768	2.77976
63	831	3.64687
63	851	3.6298
63	854	3.91449
63	910	4.2945
63	979	2.42499
64	333	0.34501
64	806	2.58995
64	911	2.92761
64	943	3.0785
64	950	3.28614
64	955	3.81805
64	969	4.06223
64	978	3.81655
64	988	3.41884
64	1000	4.36335
65	545	1.89931
65	679	2.57797
65	740	3.03847
65	757	2.65704
65	770	2.96262
65	793	2.95857
65	855	3.38466
65	856	3.88942
65	871	3.98216
65	874	4.29122
66	218	1.0059
66	560	2.04042
66	592	2.23148
66	627	2.4566
66	669	2.59009
66	779	3.68574
66	853	4.45978
66	868	4.20992
66	891	4.65872
66	965	4.24853
67	52	2.15848
67	295	2.52868
67	574	3.46229
67	579	3.2386
67	599	1.56428
67	602	2.95713
67	605	3.16377
67	662	3.41258
67	749	4.69056
67	884	4.37669
68	70	2.49253
68	76	1.63305
68	465	3.20528
68	492	3.80657
68	516	3.38798
68	523	3.55188
68	552	3.50475
68	601	3.99488
68	835	3.52789
68	947	2.65147
69	137	1.77825
69	268	2.04213
69	478	2.66436
69	542	2.93106
69	592	2.13837
69	696	3.80191
69	721	3.80307
69	744	3.90522
69	793	4.37221
69	884	4.13137
70	68	2.49253
70	101	2.63565
70	360	3.16436
70	509	3.33512
70	516	3.4123
70	532	1.46095
70	552	3.52908
70	594	2.70996
70	601	4.01921
70	950	4.90021
71	328	0.717166
71	591	4.17482
71	638	1.03125
71	725	2.30044
71	928	3.48511
71	939	4.04764
71	955	4.10862
71	962	4.12627
71	963	4.21335
71	987	3.56882
72	200	2.19328
72	201	1.87879
72	329	3.66004
72	470	2.81268
72	534	2.91098
72	572	3.06073
72	616	3.20897
72	674	3.69718
72	882	2.87875
72	990	5.5356
73	392	2.80706
73	417	2.82898
73	539	2.97769
73	544	3.00649
73	593	3.2608
73	597	3.45137
73	605	4.33527
73	629	3.41759
73	643	3.54824
73	991	2.09811
74	150	3.78004
74	392	2.82018
74	417	2.84209
74	539	2.99081
74	544	3.01961
74	597	3.46448
74	629	3.4307
74	659	3.1047
74	817	3.62565
74	868	2.5475
75	193	0.955548
75	721	5.33462
75	804	1.08017
75	846	2.50796
75	921	2.87645
75	958	3.8577
75	959	3.54366
75	968	3.71974
75	983	3.71486
75	998	3.99769
76	68	1.63305
76	78	2.55042
76	360	2.30488
76	570	2.80698
76	580	3.01279
76	667	3.43618
76	736	2.99719
76	852	4.04834
76	984	3.87426
76	990	5.05881
77	173	2.31028
77	363	2.93655
77	366	2.986
77	398	2.8661
77	519	3.28487
77	533	3.61525
77	557	3.57542
77	832	2.39848
77	866	4.00368
77	867	3.72376
78	23	3.77413
78	76	2.55042
78	585	1.81838
78	606	2.25479
78	639	2.77041
78	768	2.81761
78	831	3.68471
78	851	3.66765
78	854	3.95233
78	910	4.33234
79	94	2.69012
79	256	2.87871
79	298	2.29083
79	357	2.74306
79	363	2.90665
79	519	3.25497
79	533	3.58534
79	557	3.54552
79	738	3.9925
79	867	3.69386
80	278	2.60264
80	345	2.62885
80	355	2.78817
80	389	2.98985
80	395	2.85925
80	443	3.03433
80	468	2.96172
80	595	3.63876
80	796	3.36171
80	917	4.7845
81	237	2.02837
81	391	2.57925
81	413	3.46278
81	423	2.16172
81	515	3.36399
81	547	2.53402
81	608	2.92769
81	739	3.79936
81	802	4.50934
81	815	4.32217
82	10	2.8304
82	18	2.80244
82	96	2.83041
82	181	3.06179
82	230	3.34464
82	255	3.20119
82	258	3.20119
82	294	3.67256
82	308	2.23536
83	8	1.83447
83	158	2.14838
83	360	3.02714
83	470	2.82493
83	513	2.93895
83	571	3.3143
83	572	3.07298
83	616	3.22122
83	674	3.70943
83	990	5.54785
84	636	4.10016
84	743	2.26458
84	764	1.4928
84	775	1.53549
84	842	2.33011
84	892	3.00282
84	929	3.69915
84	956	4.00125
84	993	4.5051
84	999	4.7315
85	127	2.16185
85	154	2.19051
85	340	2.52251
85	348	3.0006
85	490	3.39579
85	492	3.04707
85	612	3.71392
85	618	4.14529
85	621	3.71392
85	625	3.71392
86	38	3.67754
86	324	1.29924
86	716	2.69993
86	740	3.0867
86	746	2.77457
86	835	2.64024
86	840	3.13031
86	856	3.93765
86	871	4.03039
86	874	4.33945
87	106	2.73729
87	250	0.519406
87	484	1.82197
87	695	2.32164
87	754	2.92418
87	830	3.67347
87	836	3.59407
87	904	4.4581
87	914	4.65593
87	942	4.92355
88	509	1.50462
88	651	1.80789
88	797	2.70749
88	798	2.7631
88	821	2.43884
88	855	4.82291
88	916	3.60414
88	931	3.7933
88	944	3.88905
88	973	4.29441
89	5	2.80213
89	29	2.92051
89	131	3.12602
89	146	2.80213
89	172	2.80213
89	182	2.80213
89	215	2.87452
89	226	3.63466
89	578	3.40116
89	807	4.4085
90	50	0.462884
90	154	1.62938
90	305	1.23577
90	613	2.70387
90	783	3.45426
90	858	4.17153
90	897	4.50127
90	933	4.72017
90	949	5.35716
90	952	3.41147
91	8	1.69912
91	142	1.94145
91	158	2.01303
91	200	2.07018
91	513	2.8036
91	616	3.08587
91	674	3.57408
91	930	4.40655
91	946	4.63984
91	990	5.4125
92	414	0.964737
92	651	2.49939
92	724	2.13999
92	777	2.93415
92	797	3.39898
92	916	4.29564
92	931	4.48479
92	933	3.12645
92	944	4.58055
92	962	3.23308
93	291	1.51151
93	370	1.37921
93	500	1.48241
93	532	3.65548
93	611	2.67141
93	771	3.26633
93	858	3.98586
93	897	4.3156
93	949	5.17148
93	970	4.18582
94	79	2.69012
94	173	2.98488
94	251	3.02093
94	256	3.5832
94	398	3.54069
94	519	3.95946
94	533	4.28984
94	557	4.25002
94	617	2.47347
94	701	0.81333
95	197	0.343434
95	448	1.9976
95	643	3.66721
95	725	2.24867
95	858	3.52643
95	892	2.67619
95	914	3.85228
95	942	4.11991
95	949	4.71206
95	973	4.49784
96	10	2.85838
96	18	2.83041
96	82	2.83041
96	181	3.08977
96	255	3.22916
96	258	3.22916
96	294	3.70053
96	741	3.53041
96	841	2.97962
96	945	3.36354
97	164	2.45286
97	192	2.45286
97	232	2.61903
97	234	2.9615
97	244	2.45286
97	302	3.09041
97	684	0.829269
97	980	4.58175
97	984	5.57048
98	136	1.74282
98	632	0.826665
98	764	1.42144
98	896	2.86792
98	929	3.62779
98	974	4.27143
98	975	4.58646
98	987	3.18909
98	993	4.43374
98	999	4.66014
99	163	2.36404
99	249	2.05986
99	418	2.57793
99	428	3.09468
99	609	3.43657
99	647	3.29275
99	726	4.19276
99	774	4.27961
99	803	1.5018
99	895	4.85813
100	134	2.02865
100	140	2.32874
100	204	2.62883
100	209	2.32874
100	216	2.25674
100	421	2.95214
100	448	3.44218
100	477	3.20762
100	696	3.94787
100	960	5.27787
100	973	5.94241
101	54	2.59894
101	70	2.63565
101	161	2.87106
101	266	2.79745
101	465	3.3484
101	509	3.45392
101	523	3.695
101	552	3.64787
101	601	4.13801
101	695	3.74108
101	889	3.58038
102	357	2.81889
102	431	1.39825
102	502	2.04882
102	633	4.36697
102	771	3.17389
102	773	3.0602
102	783	3.17615
102	858	3.89342
102	897	4.22316
102	949	5.07905
102	952	3.13336
103	283	0.118976
103	478	1.70519
103	594	1.14194
103	780	2.36215
103	863	3.11934
103	902	5.54087
103	912	3.6006
103	919	3.89565
103	969	4.96407
103	978	4.71838
103	1000	5.26519
104	352	0.729459
104	506	4.59447
104	555	0.503269
104	617	0.907654
104	899	4.10695
104	911	4.09692
104	912	3.86807
104	949	2.76096
104	950	4.45546
104	978	4.98586
104	1000	5.53266
105	126	2.41292
105	233	2.97562
105	323	2.6714
105	338	2.6714
105	402	2.69928
105	439	3.11466
105	450	3.06351
105	570	4.954
105	668	2.31757
105	805	4.02385
105	994	5.55364
106	87	2.73729
106	683	4.55924
106	775	1.32424
106	842	2.11887
106	892	2.79158
106	896	2.72804
106	929	3.48791
106	956	3.79001
106	974	4.13154
106	993	4.29386
106	999	4.52026
107	116	2.15263
107	121	2.79058
107	253	2.91385
107	396	2.32979
107	540	2.93842
107	577	3.32675
107	593	4.5245
107	684	3.77602
107	686	3.74433
107	691	4.12286
107	737	3.88165
108	425	1.76461
108	519	1.14874
108	603	2.22636
108	652	2.92889
108	710	3.08241
108	736	3.18259
108	772	3.3899
108	823	3.91525
108	852	4.23374
108	866	4.46256
108	955	6.1319
109	12	2.5507
109	122	1.90543
109	389	2.50702
109	562	1.93166
109	592	3.40174
109	627	3.62687
109	734	3.98537
109	868	5.38018
109	891	5.82899
109	976	2.31284
109	990	3.08572
110	138	3.25783
110	298	0.657129
110	440	1.0427
110	588	2.07966
110	709	2.31644
110	731	3.6611
110	872	2.91978
110	888	4.19404
110	955	5.20931
110	963	5.31405
110	996	5.75457
111	117	3.38041
111	129	3.38041
111	168	3.03272
111	191	3.03272
111	195	3.38041
111	197	4.1592
111	199	3.38041
111	309	0.40763
111	402	1.72552
111	920	5.71112
112	138	0.974861
112	626	1.64172
112	776	2.9358
112	817	2.38008
112	838	3.58321
112	861	3.52723
112	865	3.7718
112	887	4.1833
112	893	4.13401
112	922	4.43437
112	939	4.95028
113	235	3.37877
113	345	3.39942
113	395	3.62982
113	406	3.58954
113	443	3.8049
113	462	0.00123794
113	468	3.73229
113	595	4.40932
113	644	3.12823
113	678	3.24223
113	950	4.28958
114	267	2.31006
114	388	3.10465
114	417	3.10659
114	464	3.03234
114	531	1.99524
114	539	3.25531
114	544	3.28411
114	593	3.53842
114	597	3.72898
114	643	3.82585
114	863	5.3201
115	491	0.957164
115	724	5.13903
115	783	2.18282
115	792	2.99212
115	805	2.82379
115	830	3.10612
115	850	3.31728
115	879	3.65432
115	904	3.89074
115	914	4.08857
115	942	4.3562
116	107	2.15263
116	301	2.91954
116	307	1.17376
116	396	2.53662
116	444	3.42489
116	512	2.20104
116	571	3.55055
116	684	3.98286
116	691	4.32969
116	737	4.08849
116	838	6.07524
117	111	3.38041
117	129	3.11173
117	168	2.76404
117	191	2.76404
117	195	3.11173
117	199	3.11173
117	623	3.17087
117	657	2.32929
117	905	3.53026
117	920	5.44244
117	972	3.73955
118	263	2.4123
118	277	3.97392
118	495	3.14097
118	520	3.03312
118	574	3.84146
118	579	3.61777
118	605	3.54294
118	662	3.79175
118	831	0.887342
118	967	5.80599
118	989	2.56106
119	194	2.12562
119	240	2.31468
119	270	1.99809
119	488	2.92594
119	689	3.43981
119	712	3.55687
119	726	4.31133
119	774	4.39819
119	788	4.75508
119	798	2.4522
119	807	4.11577
120	454	2.51046
120	796	1.83043
120	804	1.39977
120	900	2.87472
120	921	3.19606
120	934	3.31693
120	949	4.75352
120	958	4.1773
120	968	4.03934
120	983	4.03446
120	998	4.31729
121	107	2.79058
121	192	0.0492616
121	249	2.29513
121	257	2.30858
121	418	2.8132
121	446	3.06822
121	726	4.42803
121	774	4.51488
121	875	3.71918
121	964	4.38227
121	973	6.03907
122	109	1.90543
122	448	2.57011
122	726	3.45929
122	774	3.54615
122	791	2.33268
122	807	3.26373
122	891	4.43615
122	916	2.30446
122	942	2.7079
122	966	4.9351
122	973	5.07034
123	291	0.0190783
123	316	2.42541
123	331	2.87706
123	441	3.19169
123	570	3.71001
123	580	3.91582
123	667	4.33921
123	671	4.36355
123	672	4.36355
123	763	3.43035
123	886	3.82172
124	281	5.50887
124	352	0.245034
124	637	1.8775
124	863	2.53421
124	899	3.25434
124	919	3.31051
124	943	3.3952
124	960	3.25477
124	969	4.37893
124	978	4.13325
124	1000	4.68005
125	189	4.7921
125	235	2.78889
125	345	2.80954
125	355	2.96886
125	395	3.03994
125	406	2.99966
125	468	3.14241
125	595	3.81944
125	678	2.65235
125	859	2.52481
125	917	4.96519
126	105	2.41292
126	233	3.14824
126	323	2.84401
126	338	2.84402
126	364	2.80504
126	377	3.24664
126	402	2.87189
126	439	3.28727
126	773	3.25408
126	875	4.10086
126	994	5.72625
127	85	2.16185
127	227	1.44116
127	484	2.44834
127	682	3.28235
127	754	3.55055
127	792	4.18584
127	830	4.29984
127	847	1.81086
127	848	4.42831
127	913	3.3339
127	942	5.54992
128	44	0.89984
128	571	1.56325
128	606	2.94698
128	680	2.81266
128	705	3.24974
128	814	2.28172
128	831	4.3769
128	854	4.64452
128	910	5.02453
128	966	5.23113
128	992	3.48126
129	111	3.38041
129	117	3.11173
129	168	2.76404
129	191	2.76404
129	195	3.11173
129	199	3.11173
129	623	3.17087
129	657	2.32929
129	856	3.44773
129	857	3.84725
129	920	5.44244
130	4	0.429845
130	55	2.27973
130	293	1.55364
130	391	3.04479
130	433	1.29532
130	566	3.39739
130	622	3.58791
130	739	4.2649
130	802	4.97489
130	815	4.78772
130	939	6.88335
131	5	3.12602
131	29	3.2444
131	36	1.62085
131	89	3.12602
131	146	3.12602
131	172	3.12602
131	182	3.12602
131	226	3.95855
131	472	1.30151
131	807	4.73239
131	864	6.08777
132	6	1.72689
132	54	1.52673
132	154	2.9502
132	190	2.73601
132	332	3.14871
132	340	3.2822
132	411	3.64835
132	612	4.47361
132	621	4.47361
132	625	4.47361
132	882	4.13179
133	245	1.12806
133	456	1.61686
133	505	1.87015
133	716	2.9599
133	740	3.34666
133	746	3.03453
133	770	3.27081
133	856	4.19761
133	871	4.29035
133	874	4.59942
133	965	6.06654
134	47	1.82473
134	100	2.02865
134	140	2.10065
134	204	2.40074
134	209	2.10065
134	216	2.02865
134	421	2.72405
134	448	3.21409
134	569	7.32611
134	960	5.04978
134	973	5.71432
135	397	1.89906
135	486	2.31164
135	513	1.33079
135	526	2.49551
135	542	5.82279
135	728	3.26789
135	735	3.55006
135	778	3.62624
135	809	4.02652
135	813	3.66798
135	882	4.34142
136	98	1.74282
136	450	2.68632
136	800	2.05583
136	825	2.85672
136	870	2.82025
136	872	3.21318
136	889	3.16065
136	971	4.35389
136	972	4.46458
136	985	4.43235
136	992	4.68556
137	69	1.77825
137	174	2.36066
137	187	2.52999
137	203	1.97761
137	340	4.96687
137	501	2.86371
137	542	3.37481
137	636	3.52281
137	696	4.24566
137	721	4.24681
137	793	4.81596
138	110	3.25783
138	112	0.974861
138	336	1.70268
138	661	1.74017
138	701	2.90401
138	776	3.41686
138	810	4.02681
138	865	4.25286
138	887	4.66436
138	893	4.61507
138	922	4.91543
139	346	0.589891
139	463	0.58191
139	577	1.94962
139	730	5.25743
139	804	2.05937
139	826	2.7718
139	934	3.97653
139	958	4.8369
139	968	4.69894
139	983	4.69406
139	998	4.97689
140	47	2.12482
140	100	2.32874
140	134	2.10065
140	209	2.40074
140	216	2.32874
140	262	2.58671
140	324	4.61224
140	421	3.02414
140	448	3.51418
140	960	5.34987
140	973	6.01441
141	365	1.42606
141	591	2.01438
141	701	2.57645
141	734	3.604
141	742	3.7029
141	745	2.97847
141	760	3.05346
141	865	3.9253
141	887	4.3368
141	893	4.28751
141	922	4.58787
142	91	1.94145
142	369	1.7929
142	372	2.27664
142	462	2.36137
142	717	2.11179
142	773	3.24911
142	828	3.36841
142	868	5.34889
142	872	4.34606
142	897	4.41207
142	949	5.26796
143	337	3.59803
143	358	3.56739
143	416	1.58804
143	502	2.25883
143	615	2.16823
143	641	2.4915
143	771	3.3839
143	773	3.2702
143	897	4.43317
143	949	5.28905
143	970	4.30338
144	159	0.672515
144	264	3.93559
144	441	0.913981
144	685	2.5206
144	709	2.00383
144	787	2.06098
144	928	4.27318
144	939	4.83572
144	955	4.8967
144	963	5.00143
144	996	5.44195
145	53	2.95377
145	211	3.44749
145	222	3.0689
145	231	3.0689
145	236	3.45374
145	245	3.06889
145	286	3.51546
145	288	3.06889
145	337	3.54027
145	394	5.77722
145	594	1.48638
146	5	2.80213
146	20	0.225662
146	29	2.92051
146	89	2.80213
146	131	3.12602
146	172	2.80213
146	182	2.80213
146	226	3.63466
146	778	6.09353
146	807	4.4085
147	273	4.14427
147	366	2.46161
147	519	2.76049
147	533	3.09086
147	547	2.24719
147	622	2.83554
147	761	3.2068
147	802	4.22251
147	869	3.95781
147	900	3.11622
147	901	4.4035
148	400	1.2585
148	755	1.39331
148	816	2.37662
148	821	6.04607
148	828	2.35841
148	870	2.94313
148	876	1.6869
148	971	4.47677
148	972	4.58747
148	985	4.55524
148	992	4.80845
149	561	3.10188
149	675	4.20955
149	677	1.79517
149	683	1.95296
149	765	1.8963
149	837	2.72879
149	884	3.13394
149	951	4.30455
149	953	4.30298
149	961	4.47758
149	964	4.59404
150	74	3.78004
150	681	1.58137
150	683	1.82288
150	715	3.49442
150	794	2.49148
150	867	2.35637
150	936	3.77537
150	951	4.17447
150	953	4.1729
150	961	4.3475
150	964	4.46396
151	395	2.10477
151	443	2.27984
151	534	0.492229
151	595	2.88427
151	811	2.96859
151	852	3.87509
151	866	4.10392
151	924	4.47323
151	925	4.66537
151	940	4.7998
151	952	3.83361
152	431	0.72163
152	598	0.495156
152	846	2.89915
152	900	2.9463
152	920	3.05648
152	934	3.38852
152	958	4.24889
152	959	3.93484
152	962	6.6043
152	968	4.11092
152	983	4.10604
153	222	2.99836
153	459	1.42887
153	460	4.26125
153	611	2.10488
153	651	2.53146
153	777	2.96622
153	797	3.43105
153	817	2.95692
153	931	4.51686
153	944	4.61262
153	994	4.63742
154	85	2.19051
154	90	1.62938
154	132	2.9502
154	340	2.30272
154	353	2.61369
154	490	3.176
154	612	3.49413
154	621	3.49413
154	625	3.49413
154	820	5.6665
154	989	5.47079
155	208	3.10043
155	243	3.62147
155	247	3.53932
155	275	3.68211
155	387	3.4292
155	400	3.90548
155	445	3.84458
155	456	0.676633
155	496	4.06368
155	613	3.34659
155	895	3.41141
156	161	2.46838
156	465	2.94572
156	509	3.05124
156	516	3.12842
156	523	3.29232
156	552	3.24519
156	601	3.73533
156	639	3.14531
156	835	3.26833
156	840	4.05137
156	881	4.13981
157	262	2.50186
157	299	1.94754
157	316	2.14953
157	331	2.60118
157	343	2.62101
157	570	3.43412
157	580	3.63994
157	667	4.06332
157	671	4.08767
157	672	4.08767
157	791	5.3626
158	83	2.14838
158	91	2.01303
158	201	2.26345
158	301	0.806498
158	470	3.19734
158	534	3.29564
158	572	3.44539
158	616	3.59363
158	674	4.08184
158	946	5.1476
158	948	6.49338
159	144	0.672515
159	274	0.329556
159	589	2.133
159	725	5.25159
159	729	2.5755
159	749	2.6949
159	880	3.28097
159	927	4.68389
159	939	4.94052
159	987	4.4617
159	996	5.54675
160	339	2.25696
160	401	2.40008
160	447	2.56268
160	476	2.61896
160	498	2.57046
160	758	4.12997
160	762	4.09498
160	769	4.13908
160	811	4.41313
160	851	3.22793
160	941	4.04481
161	54	2.71556
161	101	2.87106
161	156	2.46838
161	266	2.91406
161	360	3.39977
161	509	3.57053
161	516	3.64771
161	523	3.81161
161	640	2.82491
161	835	3.78762
161	845	4.46379
162	47	4.84279
162	239	0.777286
162	244	2.47582
162	455	1.16885
162	685	1.72827
162	803	2.82493
162	869	3.66646
162	923	4.02331
162	957	4.80751
162	977	4.98016
162	986	5.20953
163	99	2.36404
163	194	2.39156
163	204	4.41416
163	210	2.74424
163	240	2.58062
163	418	2.96244
163	428	3.47919
163	446	3.21747
163	609	3.82109
163	689	3.70575
163	774	4.66413
164	2	2.63416
164	7	2.63416
164	97	2.45286
164	192	2.83919
164	232	3.00536
164	234	3.34783
164	244	2.83919
164	302	3.47674
164	822	3.38002
164	827	3.96037
164	984	5.95681
165	271	0.970638
165	641	1.46742
165	642	0.699204
165	897	3.40909
165	921	3.33445
165	949	4.26497
165	951	3.75586
165	953	3.75429
165	964	4.04534
165	994	6.34586
165	998	4.45568
166	305	5.16611
166	393	0.471876
166	504	0.377091
166	729	2.17433
166	780	2.26834
166	912	3.50679
166	919	3.80183
166	950	4.09417
166	969	4.87026
166	978	4.62457
166	1000	5.17137
167	58	2.34568
167	785	1.88203
167	803	2.03134
167	862	2.75259
167	876	4.95276
167	901	3.31855
167	902	3.23253
167	909	3.3528
167	957	4.01393
167	977	4.18658
167	986	4.41594
168	111	3.03272
168	117	2.76404
168	129	2.76404
168	191	2.41635
168	195	2.76404
168	199	2.76404
168	342	3.38393
168	826	2.18811
168	920	5.09475
169	21	0.530461
169	38	0.982578
169	320	1.31934
169	352	2.44861
169	536	2.44083
169	660	4.82505
169	798	3.91367
169	916	4.75471
169	931	4.94387
169	944	5.03963
169	988	5.26121
170	229	2.72773
170	264	2.79304
170	280	3.04502
170	325	3.249
170	384	1.43331
170	389	2.21029
170	453	3.4879
170	530	3.97646
170	559	3.66629
170	584	4.03055
170	931	5.85798
171	247	1.78973
171	400	2.15588
171	469	2.4638
171	496	2.31409
171	733	2.03111
171	770	2.99226
171	871	4.01179
171	874	4.32086
171	961	4.72706
171	964	4.84352
171	996	4.84612
172	5	2.80213
172	29	2.92051
172	89	2.80213
172	131	3.12602
172	146	2.80213
172	182	2.80213
172	226	3.63466
172	640	1.05411
172	807	4.4085
172	983	5.27016
173	77	2.31028
173	94	2.98488
173	357	3.03782
173	363	3.20141
173	366	3.25085
173	398	3.13096
173	519	3.54973
173	533	3.8801
173	557	3.84028
173	825	3.73913
173	954	3.55516
174	25	0.422974
174	41	1.6004
174	137	2.36066
174	426	2.89844
174	442	3.02786
174	542	3.51347
174	636	3.66147
174	696	4.38432
174	721	4.38547
174	793	4.95462
174	929	5.27067
175	472	0.392892
175	506	4.58665
175	752	1.48446
175	764	1.82503
175	827	2.54299
175	929	4.03138
175	956	4.33348
175	974	4.67502
175	980	2.77009
175	993	4.83733
175	999	5.06373
176	6	2.334
176	264	2.65823
176	280	2.91022
176	325	3.1142
176	453	3.3531
176	525	3.54765
176	530	3.84166
176	559	3.53148
176	584	3.89575
176	625	2.86454
176	761	4.46093
177	277	4.33992
177	333	3.16794
177	521	1.33875
177	575	1.80332
177	719	2.68545
177	806	2.93397
177	875	2.46657
177	908	4.26992
177	915	4.59262
177	926	4.49729
177	932	4.59842
178	197	1.35012
178	254	2.71206
178	291	2.05878
178	305	1.59736
178	613	3.06545
178	663	4.50761
178	773	3.6999
178	783	3.81585
178	801	3.34699
178	858	4.53312
178	949	5.71874
179	187	3.31711
179	268	2.21364
179	426	2.48753
179	442	2.61695
179	478	2.83587
179	529	2.4639
179	696	3.97341
179	721	3.97457
179	744	4.07672
179	793	4.54371
179	967	4.10703
180	755	1.27507
180	801	1.76797
180	816	2.25839
180	841	3.58243
180	889	3.1653
180	894	2.76458
180	917	3.7414
180	971	4.35854
180	972	4.46923
180	985	4.437
180	992	4.69021
181	10	3.08976
181	18	3.06179
181	82	3.06179
181	96	3.08977
181	255	3.46055
181	258	3.46055
181	294	3.93192
181	379	2.2684
181	598	1.3774
181	631	5.89598
181	741	3.76179
182	5	2.80213
182	29	2.92051
182	89	2.80213
182	131	3.12602
182	146	2.80213
182	172	2.80213
182	226	3.63466
182	807	4.4085
182	839	2.82981
182	935	3.49744
183	28	2.28844
183	43	2.41915
183	51	2.48666
183	271	2.86987
183	277	2.81832
183	451	3.22365
183	485	3.26598
183	525	3.72944
183	763	3.60769
183	767	4.78565
183	818	5.02859
184	499	1.15621
184	646	1.8438
184	677	1.94158
184	733	1.92804
184	770	2.22352
184	862	5.1689
184	936	4.05186
184	951	4.45096
184	953	4.44939
184	961	4.62399
184	964	4.74045
185	53	2.95377
185	211	3.44749
185	222	3.0689
185	231	3.0689
185	236	3.45374
185	245	3.06889
185	286	3.51546
185	288	3.06889
185	337	3.54027
185	539	1.53437
185	779	5.73416
186	283	0.149298
186	493	1.24905
186	692	1.36105
186	697	1.56644
186	899	3.95088
186	911	3.94085
186	912	3.71201
186	950	4.29939
186	978	4.82979
186	995	6.08608
186	1000	5.37659
187	137	2.52999
187	179	3.31711
187	411	1.3789
187	436	0.657232
187	607	1.19871
187	888	3.7661
187	928	4.15787
187	938	4.41226
187	955	4.78138
187	963	4.88611
187	996	5.32664
188	228	0.698611
188	419	1.33968
188	622	3.64062
188	656	2.41877
188	713	3.49757
188	719	2.933
188	738	2.8478
188	908	4.51747
188	915	4.84017
188	926	4.74484
188	932	4.84597
189	125	4.7921
189	235	2.46157
189	538	0.53348
189	542	1.80986
189	744	2.78402
189	793	3.25101
189	911	3.68509
189	922	3.73352
189	950	4.04363
189	966	4.22485
189	1000	5.12083
190	34	3.24862
190	132	2.73601
190	411	2.45468
190	490	2.96181
190	492	2.61309
190	612	3.27994
190	621	3.27994
190	625	3.27994
190	849	3.3243
190	971	4.05871
190	989	5.2566
191	111	3.03272
191	117	2.76404
191	129	2.76404
191	168	2.41635
191	195	2.76404
191	199	2.76404
191	760	2.18039
191	920	5.09475
191	945	3.2345
192	2	2.63416
192	7	2.63416
192	97	2.45286
192	121	0.0492616
192	164	2.83919
192	232	3.00536
192	234	3.34783
192	244	2.83919
192	302	3.47674
192	805	7.31632
192	984	5.95681
193	13	1.66656
193	75	0.955548
193	208	3.87205
193	324	2.64241
193	383	2.38393
193	554	3.05163
193	740	4.42987
193	757	4.04844
193	856	5.28082
193	874	5.68263
193	879	2.54232
194	17	2.02181
194	119	2.12562
194	163	2.39156
194	405	3.23457
194	488	2.83488
194	602	2.94626
194	689	3.34876
194	701	4.06139
194	712	3.46581
194	726	4.22028
194	973	5.83133
195	111	3.38041
195	117	3.11173
195	129	3.11173
195	168	2.76404
195	191	2.76404
195	199	3.11173
195	407	2.82892
195	623	3.17087
195	657	2.32929
195	881	4.45284
195	920	5.44244
196	55	1.86499
196	327	1.81213
196	515	3.41479
196	528	2.58881
196	566	2.98265
196	584	1.25413
196	739	3.85016
196	802	4.56014
196	805	3.73966
196	815	4.37297
196	996	6.07077
197	95	0.343434
197	111	4.1592
197	178	1.35012
197	284	3.1415
197	291	2.02793
197	613	3.03461
197	783	3.785
197	801	3.31614
197	897	4.83202
197	949	5.6879
197	960	4.80914
198	237	2.40386
198	349	2.1699
198	515	3.73948
198	532	2.10058
198	622	3.49786
198	659	2.85069
198	670	2.40913
198	739	4.17485
198	802	4.88483
198	815	4.69767
198	876	3.61785
199	111	3.38041
199	117	3.11173
199	129	3.11173
199	168	2.76404
199	191	2.76404
199	195	3.11173
199	623	3.17087
199	657	2.32929
199	920	5.44244
199	951	3.68492
199	955	3.67542
200	3	1.81851
200	72	2.19328
200	91	2.07018
200	263	2.71233
200	470	3.25449
200	534	3.35279
200	572	3.50254
200	616	3.65078
200	674	4.13899
200	927	4.56951
200	946	5.20475
201	72	1.87879
201	158	2.26345
201	470	2.94
201	513	3.05402
201	534	3.0383
201	572	3.18805
201	616	3.33629
201	674	3.8245
201	883	3.93181
201	960	3.3545
201	990	5.66292
202	401	2.06146
202	426	3.91187
202	474	2.33816
202	527	2.74233
202	673	3.06995
202	751	3.55168
202	758	3.79136
202	762	3.75637
202	769	3.80047
202	811	4.07452
202	858	3.38666
203	137	1.97761
203	287	1.88988
203	401	1.11903
203	442	2.64481
203	478	2.86373
203	542	3.13042
203	696	4.00127
203	721	4.00243
203	744	4.10458
203	793	4.57157
203	995	6.20016
204	47	2.42492
204	100	2.62883
204	134	2.40074
204	163	4.41416
204	216	2.62883
204	421	3.32423
204	448	3.81427
204	906	0.275649
204	912	2.60099
204	960	5.64997
204	973	6.31451
205	28	1.81239
205	268	2.21689
205	478	2.83912
205	501	2.59472
205	503	2.48699
205	529	2.46715
205	696	3.97667
205	721	3.97782
205	744	4.07997
205	793	4.54697
205	840	5.48483
206	412	2.37548
206	698	1.8889
206	711	1.80093
206	795	4.89732
206	829	3.25704
206	873	3.35919
206	885	3.66711
206	895	3.66274
206	905	3.74559
206	906	3.91164
206	913	3.89315
207	445	1.02177
207	465	2.51971
207	742	2.3515
207	779	3.78202
207	829	3.5448
207	834	2.97096
207	885	3.95487
207	895	3.9505
207	905	4.03335
207	906	4.1994
207	913	4.18091
208	46	2.69535
208	155	3.10043
208	193	3.87205
208	243	3.15294
208	247	3.07079
208	275	3.21358
208	387	2.96067
208	445	3.37605
208	496	3.59515
208	628	3.37547
208	786	4.02132
209	47	2.12482
209	100	2.32874
209	134	2.10065
209	140	2.40074
209	216	2.32874
209	355	1.55811
209	421	3.02414
209	448	3.51418
209	630	5.74957
209	960	5.34987
209	973	6.01441
210	163	2.74424
210	319	0.948968
210	669	2.13498
210	734	2.36
210	779	3.23064
210	853	4.00468
210	868	3.75481
210	882	4.64117
210	891	4.20362
210	970	4.06636
210	982	4.48225
211	145	3.44749
211	185	3.44749
211	222	3.57252
211	231	3.57252
211	236	3.95737
211	245	3.57252
211	279	0.999193
211	288	3.57252
211	337	4.04389
211	387	2.28917
211	683	4.0013
212	487	1.97113
212	545	2.18727
212	619	2.8648
212	679	2.86593
212	716	2.93967
212	757	2.945
212	770	3.25059
212	856	4.17739
212	871	4.27013
212	874	4.57919
212	930	4.447
213	505	1.87324
213	554	1.9715
213	626	4.33272
213	679	2.88924
213	740	3.34975
213	746	3.03762
213	757	2.96832
213	822	3.00206
213	856	4.2007
213	871	4.29344
213	874	4.6025
214	9	0.979432
214	685	3.01076
214	842	1.9274
214	921	4.27739
214	924	3.03223
214	925	3.22437
214	940	3.35879
214	971	4.03176
214	974	3.94008
214	992	4.36344
214	999	4.32879
215	89	2.87452
215	300	1.4162
215	350	1.06537
215	585	2.37183
215	705	3.111
215	768	3.37106
215	831	4.23816
215	851	4.2211
215	854	4.50578
215	869	4.43911
215	910	4.88579
216	100	2.25674
216	134	2.02865
216	140	2.32874
216	204	2.62883
216	209	2.32874
216	421	2.95214
216	448	3.44218
216	706	1.96807
216	776	5.40494
216	960	5.27787
216	973	5.94241
217	6	4.29571
217	785	4.07922
217	839	2.04963
217	845	2.05871
217	847	2.09684
217	903	2.72762
217	918	3.224
217	941	3.72037
217	979	4.31768
217	980	4.2358
217	981	4.25065
217	997	4.57407
218	12	1.4286
218	66	1.0059
218	322	1.26712
218	422	1.86691
218	596	2.24308
218	748	3.25149
218	779	3.7339
218	853	4.50794
218	868	4.25807
218	891	4.70688
218	982	4.98551
218	995	8.33428
219	268	4.29843
219	782	1.27064
219	845	1.99601
219	898	2.84218
219	918	3.16129
219	933	3.37734
219	941	3.65766
219	963	4.20182
219	965	4.07785
219	980	4.1731
219	981	4.18794
219	997	4.51136
220	385	1.81551
220	513	2.63837
220	552	0.450823
220	674	3.40885
220	686	3.35884
220	691	3.73737
220	737	3.49616
220	895	2.67577
220	926	5.11227
220	932	5.2134
220	946	4.47461
220	974	5.28587
221	16	2.94273
221	47	1.39041
221	279	3.62284
221	299	3.53768
221	313	3.8757
221	369	3.34024
221	372	3.82399
221	382	3.68793
221	462	3.90872
221	654	1.73076
221	859	4.51552
221	919	5.25825
222	53	3.07879
222	145	3.0689
222	153	2.99836
222	185	3.0689
222	211	3.57252
222	231	3.19392
222	236	3.57877
222	245	3.19392
222	286	3.64048
222	288	3.19392
222	337	3.66529
222	985	5.32795
223	583	4.01891
223	593	0.000990595
223	836	1.7779
223	903	2.87317
223	918	3.36954
223	933	3.58559
223	941	3.86591
223	963	4.5267
223	965	4.2861
223	980	4.38135
223	981	4.3962
223	997	4.71961
224	463	0.712855
224	707	2.97807
224	748	2.92538
224	753	2.17885
224	826	2.90274
224	900	3.66526
224	926	2.45068
224	958	4.96785
224	959	4.6538
224	968	4.82988
224	983	4.825
224	988	4.51913
225	408	2.18899
225	490	2.95813
225	706	2.30973
225	750	2.72852
225	799	3.47452
225	808	3.42028
225	819	3.33316
225	853	3.04935
225	877	3.91474
225	878	4.0988
225	925	4.9206
225	940	5.05503
226	5	3.63466
226	29	3.75304
226	36	2.12949
226	89	3.63466
226	131	3.95855
226	146	3.63466
226	172	3.63466
226	182	3.63466
226	252	2.43541
226	783	3.30198
226	807	5.24102
226	845	2.59712
227	127	1.44116
227	317	4.87266
227	645	2.33036
227	682	2.49588
227	754	2.76409
227	791	3.53451
227	849	2.88047
227	850	3.72454
227	879	4.06158
227	904	4.298
227	914	4.49584
227	942	4.76346
228	188	0.698611
228	419	1.59835
228	606	4.13145
228	656	2.67744
228	719	3.19167
228	738	3.10647
228	840	3.55547
228	898	4.15543
228	908	4.77614
228	926	5.00351
228	930	3.54306
228	932	5.10464
229	6	2.4917
229	170	2.72773
229	260	2.73795
229	280	3.06792
229	325	3.2719
229	453	3.5108
229	525	3.70535
229	530	3.99936
229	559	3.68919
229	584	4.05345
229	797	3.97946
229	822	4.37481
230	82	3.34464
230	489	1.32451
230	713	1.71829
230	759	3.47082
230	900	3.07093
230	934	3.51315
230	958	4.37352
230	959	4.05947
230	968	4.23555
230	976	3.54029
230	983	4.23067
230	998	4.5135
231	53	3.07879
231	145	3.0689
231	185	3.0689
231	211	3.57252
231	222	3.19392
231	236	3.57877
231	245	3.19392
231	286	3.64048
231	288	3.19392
231	337	3.66529
231	496	2.50918
231	898	5.74715
232	2	2.80033
232	7	2.80033
232	97	2.61903
232	164	3.00536
232	192	3.00536
232	234	3.514
232	244	3.00536
232	302	3.64291
232	309	2.7397
232	646	3.78616
232	840	4.50763
232	984	6.12298
233	105	2.97562
233	126	3.14824
233	246	2.92232
233	273	3.05318
233	323	3.40672
233	338	3.40672
233	364	3.36775
233	377	3.80935
233	450	3.79882
233	806	3.81024
233	827	1.68786
233	994	6.28896
234	2	3.1428
234	7	3.1428
234	97	2.9615
234	164	3.34783
234	192	3.34783
234	232	3.514
234	244	3.34783
234	302	3.98537
234	490	0.00181298
234	681	0.620938
234	974	7.74698
234	984	6.46544
235	113	3.37877
235	125	2.78889
235	189	2.46157
235	345	3.27669
235	355	3.43601
235	395	3.5071
235	406	3.46681
235	413	1.03666
235	443	3.68217
235	587	4.88987
235	595	4.2866
235	917	5.43234
236	35	1.71799
236	145	3.45374
236	185	3.45374
236	211	3.95737
236	222	3.57877
236	231	3.57877
236	245	3.57877
236	286	4.02533
236	288	3.57876
236	337	4.05014
236	866	2.17855
236	974	4.54258
237	81	2.02837
237	198	2.40386
237	349	2.25246
237	492	3.58518
237	547	2.99207
237	622	3.58042
237	658	1.08661
237	802	4.96739
237	815	4.78022
237	857	4.76162
237	862	3.83886
237	976	5.48897
238	470	3.2741
238	494	0.639208
238	550	0.434391
238	649	5.01749
238	780	2.32551
238	863	3.0827
238	911	3.7928
238	919	3.85901
238	969	4.92743
238	978	4.68174
238	988	4.28403
238	1000	5.22855
239	162	0.777286
239	479	1.67714
239	781	2.90876
239	793	2.67838
239	812	3.50877
239	857	2.55277
239	862	3.90952
239	880	3.10356
239	923	4.38666
239	957	5.17086
239	977	5.34351
239	986	5.57287
240	119	2.31468
240	163	2.58062
240	249	2.27644
240	428	3.31126
240	446	3.04953
240	609	3.65315
240	647	3.50932
240	712	3.65487
240	726	4.40933
240	774	4.49619
240	776	4.49513
240	806	3.92428
241	253	2.94991
241	403	2.49413
241	444	3.25412
241	454	3.3395
241	540	2.97448
241	541	2.98316
241	571	3.37977
241	577	3.36281
241	686	3.78039
241	691	4.15892
241	737	3.91771
241	749	4.90164
242	508	0.436546
242	572	1.84462
242	697	1.53798
242	778	3.45485
242	899	3.92242
242	911	3.9124
242	919	3.9786
242	950	4.27093
242	969	5.04702
242	977	2.99932
242	978	4.80134
242	1000	5.34814
243	4	3.02657
243	23	2.65546
243	155	3.62147
243	208	3.15294
243	275	3.73463
243	387	3.48171
243	445	3.8971
243	496	4.1162
243	620	2.85347
243	637	3.68239
243	786	4.54237
243	846	2.78541
244	2	2.63416
