1	811	2.02637
1	819	1.84016
1	839	1.97297
1	882	3.13411
1	923	3.41883
1	955	3.61086
1	957	3.81107
1	974	3.50111
1	990	4.29811
1	998	4.07557
2	267	3.05494
2	680	2.9223
2	702	1.36962
2	809	2.31606
2	845	3.60892
2	851	2.56678
2	871	2.68158
2	944	4.41488
2	964	4.49707
2	988	4.29453
3	66	2.90711
3	121	3.01954
3	173	3.01676
3	182	2.96229
3	188	3.5355
3	252	3.11782
3	290	3.05332
3	394	3.54334
3	663	3.00522
3	846	3.52026
4	445	2.15492
4	464	2.29614
4	613	2.40643
4	636	2.67422
4	735	2.56539
4	750	3.85446
4	860	4.37274
4	867	2.51838
4	883	4.38378
4	949	4.40937
5	74	2.96285
5	116	3.04663
5	129	2.94857
5	215	3.09596
5	235	3.01236
5	283	3.53378
5	298	1.13943
5	320	3.54085
5	489	1.65187
5	998	6.7192
6	38	3.71528
6	457	1.8416
6	853	2.00171
6	885	3.94036
6	888	2.45113
6	920	3.13441
6	928	3.10783
6	956	3.55998
6	968	3.80018
6	982	4.07718
7	445	2.23647
7	472	1.6173
7	560	2.3676
7	613	2.48798
7	636	2.75577
7	682	2.01678
7	821	4.12557
7	853	5.1931
7	860	4.45428
7	883	4.46533
8	60	2.5384
8	239	2.47392
8	276	2.71507
8	285	3.02266
8	390	4.19634
8	468	3.14608
8	481	3.64513
8	483	3.59585
8	648	4.01935
8	709	2.35906
9	492	0.886178
9	663	2.23522
9	723	2.48897
9	793	3.42039
9	814	3.03867
9	841	3.28866
9	891	3.73218
9	892	4.02446
9	915	4.1601
9	925	4.41071
10	41	2.47207
10	289	3.29188
10	360	0.0311785
10	776	3.51497
10	922	3.25726
10	934	3.25756
10	947	3.4846
10	954	3.60184
10	989	4.21136
10	991	4.34939
11	644	0.585306
11	778	2.53425
11	890	2.7897
11	898	3.92159
11	916	3.07892
11	951	3.60436
11	952	3.39709
11	967	3.09494
11	987	4.26691
11	996	4.41604
12	29	2.56021
12	196	0.100131
12	334	1.9716
12	342	1.82758
12	625	4.91822
12	726	1.88765
12	927	3.82397
12	942	4.29891
12	983	4.81024
12	985	5.24659
13	611	1.37112
13	639	1.7259
13	698	2.54208
13	721	2.91533
13	774	3.32415
13	793	3.81573
13	915	4.55544
13	925	4.80606
13	969	3.33562
13	970	3.24461
14	83	2.43687
14	88	2.56827
14	101	2.1929
14	217	3.6881
14	372	3.131
14	452	2.51147
14	455	3.14945
14	489	3.82611
14	560	3.79618
14	666	4.19287
15	274	1.08512
15	490	2.34835
15	663	2.38047
15	668	3.00242
15	711	2.94459
15	824	3.60713
15	826	3.95715
15	847	3.92937
15	870	4.13425
15	873	4.23117
16	399	0.455242
16	449	2.01845
16	550	3.48661
16	715	1.48696
16	823	4.1136
16	904	3.2626
16	927	3.4608
16	953	4.14121
16	983	4.44707
16	985	4.88342
17	30	1.89979
17	139	3.4551
17	687	4.08198
17	691	0.808827
17	834	2.42286
17	951	3.52122
17	952	3.31395
17	958	3.55295
17	987	4.18377
17	996	4.3329
18	74	2.96155
18	116	3.04532
18	131	2.95547
18	215	3.09466
18	235	3.01106
18	245	2.90381
18	283	3.53247
18	320	3.53954
18	508	2.49034
18	845	4.03081
19	94	2.12506
19	584	0.0530256
19	766	3.43745
19	858	2.42177
19	934	3.47347
19	942	4.1187
19	947	3.70051
19	954	3.81775
19	973	4.2722
19	989	4.42726
20	174	2.78217
20	231	2.78932
20	245	2.80836
20	366	1.62279
20	373	3.29169
20	405	3.34155
20	431	3.34154
20	469	4.26341
20	475	3.78582
20	496	3.62332
21	212	2.71347
21	293	2.70889
21	384	2.83298
21	475	1.75671
21	501	3.34387
21	523	3.34865
21	539	4.69757
21	580	3.77227
21	589	3.42223
21	825	3.01366
22	157	4.9202
22	565	0.263418
22	608	1.24112
22	797	1.81145
22	866	2.82041
22	910	3.3679
22	932	3.91043
22	959	4.30991
22	972	4.08959
22	995	4.95849
23	448	0.24027
23	636	2.22797
23	667	2.83072
23	798	2.37491
23	905	3.20107
23	944	4.04908
23	979	3.97281
23	988	3.92873
23	994	4.37294
23	1000	4.51359
24	853	2.17861
24	878	2.35481
24	888	2.62803
24	897	3.12821
24	924	2.67111
24	931	3.13974
24	936	3.61219
24	941	3.67927
24	968	3.97709
24	982	4.25409
25	110	2.88798
25	121	3.00712
25	158	3.0425
25	167	1.02312
25	188	3.52307
25	201	2.78534
25	252	3.1054
25	290	3.0409
25	394	3.53092
25	904	5.68744
26	669	2.9168
26	795	2.71626
26	804	4.18781
26	817	2.8944
26	818	2.90847
26	830	2.87625
26	850	3.35329
26	864	2.3613
26	896	3.5545
26	913	3.83323
27	460	1.99872
27	690	0.612712
27	820	2.32978
27	836	2.75724
27	850	3.65264
27	855	3.03115
27	862	3.90517
27	961	4.24122
27	977	4.4015
27	999	4.76316
28	518	2.81521
28	568	3.01418
28	571	2.91191
28	581	3.09762
28	588	3.24065
28	660	3.49937
28	693	3.56042
28	731	1.43378
28	831	3.76679
28	972	4.39633
29	12	2.56021
29	157	2.24359
29	766	2.2599
29	798	2.69292
29	851	2.51899
29	871	2.63378
29	901	4.79197
29	918	4.05744
29	924	3.73278
29	988	4.24673
30	17	1.89979
30	187	2.53145
30	578	3.13859
30	594	3.00875
30	600	2.79548
30	625	3.16016
30	627	3.38974
30	629	3.09429
30	695	3.55155
30	930	5.11145
31	272	1.36576
31	622	2.74024
31	631	3.50545
31	640	2.25701
31	645	2.16426
31	739	3.19587
31	801	3.80172
31	810	3.52608
31	900	4.45424
31	943	4.56611
32	361	0.893418
32	423	2.78503
32	543	1.70493
32	600	3.78387
32	689	1.95997
32	718	2.17844
32	863	3.34342
32	871	3.98449
32	960	5.23694
32	998	5.74671
33	143	2.58682
33	247	2.3142
33	330	1.56334
33	355	2.87322
33	485	2.97402
33	491	2.99507
33	577	3.41045
33	637	3.78677
33	642	3.78678
33	955	5.45508
34	117	1.87516
34	325	2.68006
34	840	1.38848
34	906	2.39479
34	948	3.32544
34	956	4.91619
34	963	3.58907
34	966	3.84816
34	970	3.6944
34	975	3.92265
35	554	1.437
35	562	1.76846
35	669	2.24316
35	851	2.93957
35	903	3.44324
35	905	3.93965
35	918	4.47802
35	931	4.1311
35	961	2.8556
35	974	4.42707
36	92	2.68074
36	556	1.12328
36	754	1.96617
36	845	1.71018
36	945	5.5578
36	950	3.54898
36	962	3.72844
36	971	3.01787
36	992	3.9747
36	1000	4.19163
37	616	1.73969
37	688	1.97641
37	742	2.45295
37	784	3.45553
37	788	2.89423
37	802	3.31962
37	841	3.70313
37	849	3.98309
37	861	4.02923
37	902	3.9965
38	6	3.71528
38	514	0.472792
38	677	2.57129
38	689	1.05482
38	803	3.18956
38	863	2.43827
38	967	4.48573
38	969	4.47904
38	981	4.36566
38	998	4.84156
39	152	2.61936
39	375	0.937634
39	397	3.00559
39	463	1.4287
39	747	2.43669
39	826	3.79726
39	843	3.27802
39	886	4.17398
39	972	4.72871
39	984	5.15225
40	64	2.62014
40	84	2.83431
40	100	2.81997
40	156	2.90592
40	333	3.38886
40	346	3.37972
40	383	3.37782
40	410	3.43066
40	568	2.87482
40	730	3.98588
41	10	2.47207
41	136	2.53557
41	163	3.85632
41	347	3.05636
41	362	3.05621
41	391	3.14563
41	427	3.14552
41	437	3.61066
41	488	3.58968
41	640	3.3802
42	497	2.64322
42	539	0.76172
42	634	1.95717
42	646	2.18365
42	758	2.08121
42	811	4.6955
42	898	3.59447
42	940	4.20514
42	974	4.73282
42	983	4.80786
43	94	2.04244
43	127	2.12083
43	145	2.24418
43	489	2.31651
43	538	3.33801
43	539	4.8856
43	568	3.45365
43	571	3.35138
43	660	3.93883
43	670	3.89819
44	701	2.22373
44	858	1.8123
44	883	4.39885
44	922	2.8637
44	934	2.864
44	943	2.91035
44	954	3.20828
44	973	3.66273
44	989	3.81779
44	991	3.95583
45	76	2.13878
45	470	2.06126
45	495	2.02172
45	541	2.15342
45	624	2.49858
45	795	3.81667
45	896	4.65491
45	913	4.93365
45	972	3.95141
45	995	3.45491
46	672	1.58036
46	744	1.21422
46	757	2.80823
46	815	1.8095
46	865	2.57637
46	903	5.08957
46	920	3.65637
46	936	3.95725
46	968	4.32214
46	982	4.59914
47	411	2.41136
47	415	3.07501
47	652	2.24668
47	668	2.13969
47	683	4.07012
47	684	2.58192
47	741	2.56345
47	789	3.13873
47	911	4.50041
47	946	4.97404
48	439	1.21566
48	473	1.24908
48	657	1.59388
48	710	3.17821
48	742	3.10155
48	801	3.21417
48	841	4.35173
48	875	4.39789
48	902	4.6451
48	935	4.77635
49	105	2.20029
49	162	1.21772
49	176	3.4282
49	455	1.93081
49	645	2.4199
49	750	3.90962
49	801	4.05737
49	807	4.02208
49	810	3.78172
49	900	4.70989
50	62	2.51831
50	83	0.784662
50	107	2.27308
50	293	2.85951
50	501	3.49449
50	523	3.49926
50	580	3.92289
50	589	3.57285
50	801	3.74663
50	856	5.03579
51	108	2.93622
51	113	2.6545
51	174	2.74306
51	227	3.14051
51	373	3.25258
51	405	3.30243
51	431	3.30242
51	475	3.74671
51	763	3.42722
51	802	3.20361
52	84	2.82474
52	156	2.89634
52	183	2.88138
52	333	3.37928
52	346	3.37015
52	383	3.36825
52	410	3.42109
52	433	3.75927
52	808	1.34279
52	983	4.40032
53	268	1.61413
53	345	1.36423
53	412	2.92706
53	672	2.78318
53	681	2.68085
53	787	3.53892
53	821	3.70007
53	860	4.02878
53	883	4.03982
53	948	4.96457
54	98	2.56429
54	246	0.00577437
54	268	2.18594
54	759	1.04454
54	858	2.81273
54	902	4.79547
54	934	3.86443
54	973	4.66316
54	989	4.81823
54	991	4.95626
55	62	2.62202
55	71	2.31586
55	293	2.96322
55	342	2.9374
55	382	3.00732
55	523	3.60297
55	580	4.0266
55	589	3.67656
55	729	2.53828
55	735	3.97054
56	159	0.0650358
56	194	2.44073
56	441	1.92372
56	476	0.737955
56	785	5.15861
56	829	2.747
56	872	3.34221
56	961	4.85446
56	977	5.01474
56	999	5.3764
57	217	1.17683
57	336	1.57458
57	506	2.41694
57	650	3.17305
57	681	3.16304
57	787	4.02112
57	853	4.25129
57	860	4.51097
57	883	4.52202
57	934	2.91352
58	311	2.39701
58	429	2.04156
58	785	4.9721
58	794	1.26598
58	897	2.93591
58	920	3.11902
58	936	3.41989
58	956	3.54458
58	968	3.78479
58	982	4.06179
59	96	1.45167
59	252	3.59575
59	277	1.87817
59	593	2.83693
59	747	2.33838
59	760	3.80734
59	761	3.74648
59	827	4.20072
59	838	4.21803
59	948	3.62337
60	8	2.5384
60	107	2.81539
60	239	2.54372
60	307	2.64536
60	353	2.2791
60	406	3.43662
60	468	3.21588
60	483	3.66564
60	648	4.08915
60	667	4.53417
61	217	3.01592
61	409	2.09999
61	486	1.6411
61	590	2.79649
61	699	3.43268
61	735	3.79775
61	738	3.47666
61	745	3.4497
61	756	3.53579
61	772	4.28335
62	50	2.51831
62	55	2.62202
62	71	2.49006
62	165	2.34843
62	276	3.54715
62	342	3.11161
62	501	3.7724
62	523	3.77718
62	589	3.85077
62	837	3.51607
63	678	1.32619
63	783	3.34074
63	837	1.24322
63	858	2.08117
63	910	4.81215
63	934	3.13287
63	954	3.47715
63	973	3.9316
63	989	4.08666
63	991	4.2247
64	40	2.62014
64	162	1.46152
64	361	3.81643
64	455	2.17462
64	457	3.10196
64	503	2.23126
64	640	2.75646
64	801	4.30117
64	807	4.26589
64	900	4.95369
65	161	1.9067
65	486	1.6411
65	514	2.62757
65	590	2.79649
65	699	3.43268
65	735	3.79775
65	738	3.47666
65	745	3.4497
65	756	3.53579
65	897	4.94012
66	3	2.90711
66	158	3.04907
66	182	2.95644
66	188	3.52965
66	252	3.11197
66	290	3.04747
66	394	3.53749
66	424	2.13218
66	818	2.7194
66	957	4.58892
67	374	1.40385
67	773	2.5189
67	832	2.71809
67	833	2.48869
67	852	2.58476
67	870	2.62366
67	873	2.82065
67	980	4.59861
67	987	5.29628
67	990	4.60795
68	259	2.16996
68	372	2.6567
68	489	3.35181
68	534	2.59512
68	560	3.32189
68	564	3.23445
68	595	3.68502
68	666	3.71857
68	819	2.52345
68	835	4.27309
69	647	1.78928
69	781	3.45432
69	872	4.13326
69	899	2.21387
69	937	2.86182
69	948	3.06793
69	963	3.33155
69	966	3.59065
69	970	3.43689
69	975	3.66513
70	172	1.25655
70	415	2.85961
70	622	2.81994
70	633	2.56454
70	704	2.79407
70	739	3.27557
70	763	4.105
70	807	3.84614
70	822	3.6131
70	900	4.53394
71	55	2.31586
71	62	2.49006
71	348	2.24867
71	384	2.95535
71	501	3.46624
71	523	3.47101
71	580	3.89464
71	589	3.5446
71	662	2.66895
71	748	4.42021
72	242	1.17925
72	620	3.05919
72	669	3.56675
72	694	3.27471
72	708	3.58101
72	717	2.56064
72	724	3.63345
72	736	3.70627
72	743	3.7063
72	763	3.37155
73	138	2.00742
73	359	2.63691
73	390	3.8267
73	454	2.74475
73	466	2.74475
73	480	2.64415
73	510	3.07732
73	522	3.14723
73	546	3.13835
73	897	5.75065
74	5	2.96285
74	18	2.96155
74	131	2.97162
74	195	1.1741
74	215	3.11081
74	235	3.02721
74	283	3.54863
74	320	3.5557
74	628	3.94232
74	999	4.49951
75	458	3.01763
75	520	2.92182
75	567	3.08169
75	570	3.15418
75	596	3.08154
75	607	3.44172
75	638	3.44175
75	909	3.51503
75	911	2.65076
75	931	3.32762
76	45	2.13878
76	324	1.72448
76	599	1.44657
76	689	1.70507
76	737	2.2825
76	863	3.08851
76	908	3.81505
76	950	5.62702
76	965	4.78857
76	981	5.01591
77	576	0.642933
77	760	3.85781
77	808	1.36036
77	844	2.62751
77	893	3.37409
77	895	3.32654
77	937	4.25252
77	938	4.0161
77	943	4.02884
77	949	4.11813
78	165	1.15382
78	433	3.08628
78	440	2.05258
78	704	2.91453
78	736	2.48434
78	739	3.39603
78	801	4.00188
78	807	3.9666
78	871	4.01576
78	900	4.6544
79	93	2.73887
79	536	0.963061
79	771	1.53768
79	828	2.6909
79	882	3.32492
79	898	4.10587
79	923	3.60964
79	955	3.80167
79	978	4.4149
79	990	4.48892
80	220	2.57759
80	288	2.27405
80	520	3.35291
80	551	3.32516
80	567	3.51279
80	570	3.58528
80	596	3.51263
80	790	2.07242
80	957	3.03658
80	989	4.38646
81	246	2.51378
81	261	2.09485
81	447	0.804501
81	486	2.1921
81	765	2.37633
81	843	2.98504
81	910	3.71404
81	984	4.85927
81	995	5.30463
81	999	4.80686
82	93	3.87336
82	338	0.948217
82	537	1.93048
82	727	1.38913
82	791	2.55078
82	924	3.66983
82	932	3.90497
82	959	4.30444
82	972	4.08412
82	995	4.95303
83	14	2.43687
83	50	0.784662
83	197	2.64693
83	259	2.34891
83	489	3.53076
83	564	3.4134
83	579	4.25452
83	595	3.86396
83	666	3.89752
83	784	4.45636
84	40	2.83431
84	52	2.82474
84	183	2.90915
84	234	3.32078
84	333	3.40705
84	383	3.39602
84	410	3.44886
84	517	0.756286
84	887	4.49436
84	968	4.21955
85	202	3.17702
85	276	2.5469
85	370	2.50143
85	434	3.35434
85	468	2.97791
85	481	3.47695
85	483	3.42767
85	630	1.79507
85	648	3.85118
85	872	4.47341
86	257	3.76293
86	317	2.03925
86	538	3.06703
86	568	3.18266
86	581	3.2661
86	588	3.40913
86	601	3.44771
86	693	3.7289
86	752	2.49686
86	845	3.25829
87	293	2.60334
87	559	3.67919
87	657	1.05755
87	754	2.41456
87	829	3.27862
87	876	2.28199
87	889	2.73109
87	986	4.59014
87	992	4.4231
87	1000	4.64003
88	14	2.56827
88	125	2.1045
88	244	3.33234
88	259	2.48031
88	266	1.763
88	560	3.63223
88	595	3.99536
88	666	4.02892
88	734	3.25835
88	873	4.41566
89	120	2.91384
89	152	3.38965
89	169	2.89726
89	202	2.9004
89	249	2.93633
89	292	3.24478
89	490	3.85834
89	497	2.14459
89	580	1.75833
89	987	5.62672
90	339	2.71651
90	585	2.78666
90	593	2.41634
90	598	2.26057
90	629	3.69872
90	696	3.08437
90	760	3.38675
90	777	3.71321
90	827	3.78013
90	838	3.79744
91	325	2.23944
91	368	1.6865
91	561	2.78143
91	643	2.19422
91	671	4.51567
91	694	3.56616
91	708	3.87245
91	718	2.78795
91	736	3.99771
91	743	3.99774
92	36	2.68074
92	562	0.683615
92	703	2.54861
92	918	3.39317
92	931	3.04626
92	944	3.70281
92	964	3.78501
92	976	3.49809
92	980	4.32348
92	994	4.02667
93	79	2.73887
93	82	3.87336
93	490	2.88916
93	825	1.34907
93	837	1.3264
93	947	3.4431
93	954	3.56034
93	973	4.01479
93	989	4.16985
93	991	4.30788
94	19	2.12506
94	43	2.04244
94	393	3.23235
94	549	4.04967
94	581	3.09058
94	588	3.23361
94	601	3.27219
94	660	3.49233
94	670	3.45168
94	693	3.55338
95	336	3.02294
95	634	3.93746
95	637	2.59739
95	870	2.05948
95	882	2.87977
95	892	2.92828
95	901	2.70947
95	957	3.55673
95	980	4.03442
95	997	3.96863
96	59	1.45167
96	210	1.1105
96	443	2.53533
96	533	2.66599
96	551	3.89993
96	760	3.70256
96	761	3.6417
96	777	4.02903
96	838	4.11326
96	854	4.41967
97	300	3.76392
97	322	3.19418
97	448	2.53862
97	757	2.28149
97	773	2.78078
97	811	2.59809
97	832	2.97997
97	870	2.88554
97	892	3.75434
97	980	4.86048
98	54	2.56429
98	120	2.91384
98	152	3.38965
98	169	2.89726
98	202	2.9004
98	249	2.93633
98	292	3.24478
98	437	2.36196
98	490	3.85834
98	837	4.47654
99	109	3.33856
99	357	0.324886
99	718	1.16312
99	908	3.05463
99	940	2.49936
99	967	4.37555
99	969	4.36887
99	981	4.25548
99	993	4.59761
99	995	3.75838
100	40	2.81997
100	156	2.90977
100	174	3.71445
100	183	2.89481
100	231	2.30713
100	234	3.30644
100	333	3.39271
100	346	3.38357
100	410	3.43451
100	708	3.43022
101	14	2.1929
101	244	2.95698
101	399	1.29664
101	489	3.28679
101	560	3.25687
101	564	3.16943
101	595	3.62
101	666	3.65355
101	811	3.66169
101	898	4.56963
102	420	2.19962
102	473	2.36269
102	542	2.5581
102	549	2.71112
102	641	3.26008
102	653	2.22336
102	673	3.18345
102	706	3.5991
102	808	4.62995
102	993	4.88507
103	728	2.79163
103	776	2.09171
103	796	2.17114
103	804	4.58931
103	845	2.14436
103	854	2.27596
103	930	3.30752
103	962	4.16262
103	971	3.45205
103	1000	4.62581
104	135	1.20457
104	413	1.78516
104	474	2.46312
104	590	3.08195
104	699	3.71814
104	735	4.0832
104	738	3.76212
104	756	3.82125
104	959	3.70998
104	966	4.009
105	49	2.20029
105	461	2.02812
105	733	2.6721
105	774	2.71519
105	793	3.20677
105	797	2.57296
105	814	2.82505
105	915	3.94648
105	925	4.19709
105	993	5.17779
106	633	1.67712
106	733	2.81149
106	762	1.98806
106	774	2.85458
106	797	2.71235
106	856	4.3091
106	891	3.65795
106	915	4.08587
106	925	4.33648
106	985	3.28498
107	50	2.27308
107	60	2.81539
107	212	2.89677
107	342	2.86637
107	384	3.01627
107	451	2.12052
107	501	3.52717
107	580	3.95557
107	589	3.60553
107	803	4.45081
108	51	2.93622
108	163	1.69514
108	220	3.18071
108	300	1.98163
108	508	2.90025
108	561	2.99716
108	638	3.2457
108	724	4.14063
108	736	4.21345
108	743	4.21348
109	99	3.33856
109	367	1.81522
109	498	0.296366
109	798	4.257
109	806	2.27165
109	834	2.77522
109	952	3.6663
109	958	3.9053
109	987	4.53612
109	996	4.68526
110	25	2.88798
110	121	3.00699
110	158	3.04236
110	188	3.52294
110	252	3.10526
110	290	3.04077
110	394	3.53079
110	631	2.74496
110	785	3.82105
110	787	2.88711
111	295	1.60128
111	329	2.73992
111	359	2.95553
111	454	3.06336
111	466	3.06336
111	510	3.39593
111	522	3.46585
111	546	3.45697
111	651	2.59688
111	912	5.19558
112	586	1.34081
112	678	2.34227
112	682	2.18489
112	749	2.6653
112	755	2.62216
112	881	3.39069
112	907	4.01416
112	912	3.99913
112	923	4.76487
112	939	4.3889
113	51	2.6545
113	231	2.81035
113	245	2.82939
113	292	1.85901
113	373	3.31273
113	405	3.36258
113	431	3.36257
113	475	3.80685
113	648	2.58534
113	837	4.93728
114	176	1.27618
114	371	2.10793
114	379	1.49694
114	436	1.91957
114	655	3.27727
114	826	4.64033
114	847	4.61255
114	861	2.2593
114	873	4.91435
114	887	5.11004
115	664	1.75805
115	732	2.48247
115	753	2.61026
115	765	3.22631
115	775	2.73311
115	802	3.13452
115	835	4.40584
115	841	3.51803
115	861	3.84413
115	902	3.8114
116	5	3.04663
116	18	3.04532
116	129	3.0472
116	131	3.0554
116	170	2.79593
116	215	3.19459
116	235	3.11099
116	320	3.63948
116	713	4.32299
116	788	2.33289
117	34	1.87516
117	671	2.05246
117	680	3.97672
117	772	3.65886
117	795	2.85895
117	817	3.03709
117	830	3.01894
117	850	3.49598
117	896	3.69719
117	913	3.97592
118	142	0.495772
118	254	0.928745
118	513	2.5743
118	714	2.70984
118	764	3.04061
118	820	3.7425
118	853	3.66353
118	883	3.35674
118	921	5.05012
118	999	6.17589
119	321	1.29221
119	453	3.91226
119	657	1.56897
119	779	1.77029
119	799	2.50328
119	854	2.8016
119	889	3.24251
119	908	4.33091
119	986	5.10157
119	1000	5.15145
120	89	2.91384
120	98	2.91384
120	140	2.93428
120	141	4.6508
120	169	3.03598
120	202	3.03913
120	232	3.30169
120	490	3.99706
120	614	0.642014
120	970	4.23452
121	3	3.01954
121	25	3.00712
121	110	3.00699
121	158	3.16151
121	182	3.06888
121	252	3.22441
121	373	2.8129
121	394	3.64993
121	649	2.63871
121	937	4.03753
122	498	1.77889
122	650	2.91834
122	765	4.71731
122	800	0.950619
122	899	2.60948
122	937	3.25743
122	948	3.46353
122	966	3.98626
122	970	3.83249
122	975	4.06074
123	171	1.45162
123	305	2.1966
123	474	2.58783
123	663	2.68421
123	730	2.95996
123	735	4.20791
123	738	3.88683
123	745	3.85987
123	756	3.94595
123	908	3.90085
124	588	2.93481
124	597	0.00154966
124	619	0.032948
124	767	2.77633
124	858	2.95697
124	891	3.77857
124	954	4.35295
124	973	4.8074
124	989	4.96246
124	991	5.1005
125	88	2.1045
125	372	2.66723
125	489	3.36234
125	560	3.33242
125	564	3.24498
125	595	3.69554
125	666	3.7291
125	687	2.68993
125	740	3.4145
125	783	3.2707
126	360	0.702373
126	396	0.148697
126	707	4.62914
126	764	1.7911
126	782	2.50134
126	921	3.80061
126	961	4.40443
126	977	4.56471
126	985	4.18116
126	999	4.92638
127	43	2.12083
127	234	1.39626
127	381	2.43212
127	518	2.88655
127	568	3.08553
127	588	3.312
127	660	3.57071
127	670	3.53007
127	693	3.63176
127	975	5.71798
128	308	2.16188
128	527	3.15447
128	719	1.59755
128	778	2.17006
128	780	2.07008
128	809	4.13583
128	831	2.50378
128	940	4.0528
128	983	4.65552
128	985	5.09186
129	5	2.94857
129	116	3.0472
129	131	2.95734
129	215	3.09653
129	235	3.01294
129	283	3.53435
129	320	3.54142
129	345	0.53879
129	512	3.70038
129	998	5.30837
130	218	2.70583
130	260	2.72439
130	324	3.14339
130	369	3.14324
130	378	3.13163
130	456	3.64517
130	462	3.64512
130	584	2.04766
130	886	2.48613
130	972	5.00735
131	18	2.95547
131	74	2.97162
131	116	3.0554
131	129	2.95734
131	215	3.10473
131	283	3.54255
131	320	3.54962
131	630	1.22333
131	795	3.52196
131	835	4.72774
132	230	2.94701
132	231	3.47464
132	415	1.31474
132	659	2.95698
132	671	2.61353
132	682	2.40225
132	812	3.4162
132	817	3.59817
132	896	4.25826
132	913	4.537
133	189	1.23115
133	196	0.259664
133	334	2.36216
133	703	1.95155
133	831	3.04907
133	898	3.98742
133	936	3.94134
133	946	4.24795
133	953	4.89494
133	985	5.63715
134	578	3.03374
134	600	2.69064
134	602	3.30967
134	618	3.3187
134	625	3.05531
134	627	3.2849
134	695	3.4467
134	725	1.58655
134	796	2.82738
134	977	5.03227
135	104	1.20457
135	137	1.25759
135	565	1.85445
135	590	3.39232
135	699	4.02851
135	704	3.74122
135	738	4.07249
135	745	4.04553
135	756	4.13162
135	839	3.85933
136	41	2.53557
136	272	3.01645
136	321	3.11176
136	391	3.14108
136	427	3.14097
136	437	3.60611
136	488	3.58513
136	576	1.15502
136	902	3.59491
136	976	4.7298
137	135	1.25759
137	305	2.12491
137	437	1.81845
137	590	3.13497
137	735	4.13623
137	738	3.81514
137	745	3.78818
137	756	3.87427
137	761	3.66553
137	767	3.92424
138	73	2.00742
138	228	2.51978
138	255	2.62764
138	321	3.29482
138	454	3.3313
138	466	3.3313
138	480	3.2307
138	510	3.66387
138	522	3.73378
138	546	3.7249
138	802	4.98054
139	17	3.4551
139	529	1.90467
139	583	2.47344
139	628	2.68732
139	652	3.05075
139	668	2.94376
139	684	3.38599
139	781	3.80117
139	796	4.38459
139	808	3.0418
139	911	5.30448
140	120	2.93428
140	152	3.41008
140	169	2.91769
140	202	2.92084
140	249	2.95677
140	298	3.2388
140	330	3.28528
140	424	2.54674
140	490	3.87877
140	922	3.87719
140	961	4.46674
141	120	4.6508
141	213	1.20021
141	233	2.62929
141	343	1.0144
141	354	3.58037
141	687	2.48058
141	717	2.75464
141	843	3.75376
141	886	4.64972
141	910	4.48276
141	972	5.20445
142	118	0.495772
142	372	2.19732
142	659	1.51642
142	764	2.46705
142	778	4.48723
142	782	3.17729
142	790	4.2422
142	820	3.16894
142	855	3.87031
142	977	5.24066
142	999	5.60233
143	33	2.58682
143	790	1.19217
143	806	3.71722
143	825	1.89543
143	837	1.87277
143	858	2.71072
143	879	4.59574
143	922	3.76212
143	973	4.56115
143	989	4.71621
143	991	4.85425
144	172	2.82782
144	207	4.7599
144	295	3.19983
144	322	1.32293
144	463	1.14911
144	646	1.89039
144	755	2.12338
144	926	4.18766
144	959	4.66943
144	984	4.87266
144	995	5.31802
145	43	2.24418
145	537	1.9433
145	586	1.64814
145	721	2.27282
145	749	2.97264
145	759	4.80091
145	792	3.94425
145	874	3.72809
145	894	3.97729
145	912	4.30647
145	939	4.69624
146	147	3.12833
146	195	2.78269
146	214	2.64532
146	250	3.14881
146	428	3.23901
146	452	3.26657
146	459	3.64461
146	493	3.6798
146	688	2.23474
146	875	3.79913
146	948	4.88595
147	146	3.12833
147	242	2.39873
147	285	3.11971
147	316	3.58792
147	416	3.66771
147	440	1.30985
147	452	3.74868
147	459	4.12672
147	493	4.16192
147	733	2.2887
147	938	4.87602
148	229	1.35456
148	854	2.17912
148	889	2.62004
148	900	3.19564
148	938	2.87151
148	946	3.55314
148	962	4.06578
148	971	3.35521
148	986	4.47909
148	992	4.31204
148	1000	4.52897
149	444	0.878815
149	539	2.86911
149	734	1.31534
149	748	2.5353
149	815	2.86698
149	865	3.63384
149	878	3.75734
149	888	4.03056
149	920	4.71384
149	923	4.22048
149	982	5.65661
150	444	3.34138
150	477	3.21214
150	623	1.03469
150	658	4.26095
150	716	1.1088
150	889	2.78369
150	909	2.75144
150	950	4.04997
150	986	4.64274
150	992	4.47569
150	1000	4.69262
151	321	3.51947
151	347	3.45953
151	362	3.45937
151	391	3.54879
151	427	3.54868
151	437	4.01383
151	488	3.99285
151	523	0.313695
151	913	3.39114
151	914	3.3436
151	977	3.90525
152	39	2.61936
152	89	3.38965
152	98	3.38965
152	140	3.41008
152	232	3.7775
152	292	3.8593
152	298	3.8329
152	330	3.87938
152	395	2.05307
152	576	1.47873
152	869	4.78576
153	327	0.284865
153	493	1.3079
153	634	1.82126
153	715	1.71185
153	869	4.48516
153	904	3.48749
153	942	4.16063
153	953	4.36609
153	974	4.59691
153	985	5.10831
153	999	5.1711
154	244	2.55332
154	476	0.268624
154	570	3.81336
154	782	2.48204
154	826	4.45435
154	836	2.90115
154	855	3.17506
154	872	2.87288
154	961	4.38513
154	977	4.54541
154	999	4.90707
155	238	0.069001
155	371	4.6168
155	416	2.52402
155	448	3.64345
155	790	0.951569
155	922	3.52151
155	947	3.74886
155	954	3.86609
155	973	4.32054
155	989	4.47561
155	991	4.61364
156	40	2.90592
156	52	2.89634
156	100	2.90977
156	183	2.98076
156	232	1.89264
156	234	3.39238
156	346	3.46952
156	383	3.46762
156	410	3.52046
156	754	4.28963
156	829	4.67592
157	22	4.9202
157	29	2.24359
157	251	0.184624
157	419	3.72272
157	786	2.14115
157	879	2.43958
157	950	4.01199
157	962	4.19144
157	971	3.48087
157	992	4.4377
157	1000	4.65463
158	25	3.0425
158	66	3.04907
158	110	3.04236
158	121	3.16151
158	182	3.10425
158	252	3.25978
158	290	3.19528
158	382	4.11441
158	394	3.6853
158	431	2.24299
158	619	4.44047
159	56	0.0650358
159	290	3.67584
159	629	3.80252
159	714	1.80414
159	723	3.44384
159	782	2.84514
159	836	3.26426
159	872	3.23599
159	921	4.14442
159	977	4.90852
159	999	5.27018
160	495	1.01158
160	543	0.0295518
160	857	1.86888
160	901	5.05194
160	937	3.48369
160	948	3.68979
160	963	3.95342
160	966	4.21251
160	970	4.05875
160	975	4.287
160	995	4.92971
161	65	1.9067
161	645	4.13204
161	654	1.75149
161	786	2.70508
161	799	2.57039
161	876	2.86053
161	889	3.30963
161	909	3.27739
161	913	4.91251
161	930	3.90027
161	986	5.16868
162	49	1.21772
162	64	1.46152
162	418	2.04932
162	704	3.22383
162	750	1.98025
162	801	4.31118
162	807	4.2759
162	810	4.03554
162	900	4.9637
162	973	3.91563
162	997	5.05764
163	41	3.85632
163	108	1.69514
163	189	1.58472
163	284	2.27995
163	620	3.27567
163	664	4.64484
163	694	3.4912
163	708	3.79749
163	724	3.84993
163	736	3.92275
163	743	3.92278
164	386	2.36546
164	469	2.54284
164	499	2.45733
164	511	2.39671
164	549	2.88666
164	641	3.43562
164	675	3.52111
164	705	3.67711
164	808	4.80549
164	901	4.78115
164	941	3.73923
165	62	2.34843
165	78	1.15382
165	280	1.35422
165	503	2.23287
165	597	2.72904
165	622	3.24129
165	801	4.30277
165	807	4.26749
165	822	4.03445
165	900	4.95529
165	954	5.88401
166	418	1.58617
166	645	2.21056
166	675	3.42482
166	704	2.76067
166	711	3.08986
166	739	3.24217
166	801	3.84803
166	807	3.81274
166	822	3.57971
166	900	4.50055
166	934	4.49291
167	25	1.02312
167	214	1.18046
167	257	4.37709
167	533	3.12418
167	593	3.19034
167	598	3.03456
167	605	2.90949
167	760	4.16074
167	827	4.55412
167	838	4.57144
167	920	4.41158
168	428	1.95124
168	590	3.20142
168	730	0.681968
168	800	1.17996
168	937	3.48677
168	948	3.69287
168	963	3.9565
168	966	4.2156
168	970	4.06183
168	975	4.29008
168	982	5.6365
169	89	2.89726
169	98	2.89726
169	120	3.03598
169	140	2.91769
169	249	3.05847
169	292	3.36691
169	330	3.38699
169	490	3.98048
169	835	4.13443
169	925	3.16605
169	982	3.60003
170	116	2.79593
170	714	1.77729
170	744	1.25088
170	784	2.78425
170	876	3.5868
170	897	3.50993
170	928	3.66645
170	936	3.99391
170	956	4.1186
170	968	4.3588
170	982	4.6358
171	123	1.45162
171	185	1.70169
171	287	1.78159
171	590	3.51466
171	699	4.15085
171	714	3.05383
171	735	4.51592
171	745	4.16787
171	756	4.25396
171	783	3.67826
171	838	4.19501
172	70	1.25655
172	144	2.82782
172	280	1.57742
172	541	2.45475
172	610	2.06342
172	801	4.52596
172	807	4.49068
172	810	4.25032
172	822	4.25764
172	858	3.71423
172	900	5.17848
173	3	3.01676
173	218	2.80718
173	257	2.75685
173	260	2.82574
173	269	3.16629
173	324	3.24474
173	369	3.24459
173	435	2.55332
173	456	3.74653
173	462	3.74647
173	814	5.34387
174	20	2.78217
174	51	2.74306
174	100	3.71445
174	231	2.89891
174	245	2.91795
174	373	3.40128
174	386	3.21805
174	405	3.45113
174	431	3.45113
174	475	3.89541
174	684	3.96753
175	381	0.850423
175	620	1.54894
175	681	3.58964
175	686	1.35876
175	688	1.88595
175	769	2.76363
175	848	2.89599
175	969	5.06458
175	978	5.74359
175	993	5.29332
175	998	5.42709
176	49	3.4282
176	114	1.27618
176	398	1.68051
176	525	2.29695
176	649	2.87289
176	779	4.18951
176	812	3.33002
176	824	4.02954
176	826	4.37955
176	847	4.35177
176	873	4.65358
177	497	2.0317
177	834	2.45683
177	849	2.25719
177	868	2.0718
177	903	4.63013
177	916	3.02974
177	951	3.55519
177	955	4.3441
177	958	3.58691
177	987	4.21773
177	996	4.36687
178	485	2.50676
178	678	2.87445
178	680	2.30751
178	718	0.645125
178	752	3.20479
178	842	3.73716
178	849	2.90005
178	874	3.95294
178	907	4.54635
178	939	4.92109
178	989	4.86819
179	359	4.33021
179	456	2.68425
179	460	4.03956
179	479	0.513481
179	599	0.61848
179	908	2.98697
179	965	3.96048
179	967	4.30789
179	969	4.30121
179	981	4.18782
179	998	4.66372
180	610	2.69071
180	771	2.31441
180	811	2.99391
180	830	2.13177
180	833	3.14638
180	856	4.18635
180	914	3.94984
180	921	1.78031
180	936	2.87568
180	980	5.2563
180	997	5.1905
181	240	1.91869
181	732	2.52045
181	742	2.30583
181	753	2.64824
181	802	3.17249
181	841	3.55601
181	861	3.88211
181	875	3.60217
181	902	3.84938
181	935	4.88145
181	975	4.24621
182	3	2.96229
182	66	2.95644
182	121	3.06888
182	158	3.10425
182	188	3.58483
182	252	3.16715
182	290	3.10265
182	394	3.59267
182	541	3.11336
182	795	3.51844
182	801	4.41983
183	52	2.88138
183	84	2.90915
183	100	2.89481
183	156	2.98076
183	293	1.91011
183	333	3.46369
183	346	3.45456
183	383	3.45266
183	410	3.5055
183	707	5.03001
183	891	4.16865
184	403	0.292194
184	514	0.337825
184	560	2.35187
184	645	3.29874
184	908	3.02984
184	960	4.19683
184	967	4.35076
184	969	4.34408
184	993	4.57282
184	998	4.70659
184	999	4.95716
185	171	1.70169
185	208	1.48498
185	274	2.29867
185	474	2.8379
185	699	4.09292
185	735	4.45798
185	738	4.1369
185	745	4.10994
185	756	4.19602
185	831	3.91593
185	965	3.35803
186	338	0.230295
186	708	1.90132
186	710	2.71728
186	788	3.08189
186	802	3.50728
186	841	3.8908
186	861	4.2169
186	875	3.93696
186	902	4.18417
186	977	4.44428
186	979	4.28855
187	30	2.53145
187	221	2.9673
187	476	1.02455
187	500	1.36857
187	669	1.52503
187	780	5.40905
187	820	3.22961
187	836	3.65708
187	855	3.93099
187	961	5.14106
187	999	5.663
188	3	3.5355
188	25	3.52307
188	66	3.52965
188	110	3.52294
188	182	3.58483
188	290	3.67586
188	394	4.16588
188	628	3.48082
188	701	1.77632
188	759	2.68007
188	919	3.17509
189	133	1.23115
189	163	1.58472
189	263	1.80393
189	281	2.59118
189	508	2.78984
189	620	3.45595
189	694	3.67148
189	724	4.03022
189	736	4.10303
189	743	4.10306
189	989	7.18234
190	374	0.951052
190	435	1.88046
190	615	3.26891
190	679	1.75927
190	692	5.75002
190	703	2.14804
190	778	2.91184
190	831	3.24557
190	927	4.41103
190	940	4.79458
190	974	5.32225
191	305	1.92151
191	464	2.15764
191	474	2.31274
191	590	2.93157
191	699	3.56776
191	735	3.93283
191	738	3.61174
191	745	3.58478
191	756	3.67087
191	881	4.08094
191	926	4.66864
192	547	2.01075
192	572	1.7963
192	611	2.98697
192	729	1.65656
192	748	2.36612
192	816	2.92812
192	835	4.21086
192	901	3.66714
192	978	4.92742
192	980	4.99209
192	990	5.00144
193	302	1.44273
193	373	2.39113
193	500	1.91534
193	698	2.91875
193	720	3.00012
193	797	3.5586
193	800	2.21855
193	891	4.5042
193	915	4.93212
193	925	5.18273
193	968	4.40395
194	56	2.44073
194	387	0.109835
194	689	0.837032
194	708	3.34344
194	935	3.29762
194	936	5.10356
194	960	4.11401
194	965	3.92053
194	981	4.14787
194	993	4.49
194	998	4.62377
195	74	1.1741
195	146	2.78269
195	214	2.7818
195	250	3.28528
195	285	2.77407
195	416	3.32207
195	428	3.37548
195	452	3.40304
195	493	3.81628
195	763	5.01953
195	880	4.73665
196	12	0.100131
196	133	0.259664
196	580	2.53311
196	707	5.63768
196	799	2.8671
196	839	2.94078
196	898	3.57161
196	940	4.18228
196	953	4.47913
196	983	4.785
196	985	5.22134
197	83	2.64693
197	259	2.85431
197	333	2.56414
197	372	3.34105
197	560	4.00624
197	564	3.9188
197	595	4.36937
197	634	2.54609
197	652	2.64584
197	666	4.40292
197	675	3.40066
198	243	2.45191
198	573	1.22467
198	587	4.28978
198	716	1.18535
198	754	2.54371
198	757	4.19143
198	919	3.51785
198	930	3.45088
198	950	4.12652
198	986	4.71929
198	1000	4.76917
199	355	2.8323
199	422	2.72972
199	485	2.9331
199	491	2.95415
199	507	2.04151
199	535	3.23423
199	577	3.36953
199	637	3.74584
199	642	3.74586
199	954	3.49918
199	998	5.47908
200	393	2.37193
200	401	2.32111
200	461	2.4654
200	540	1.40539
200	585	3.4487
200	605	2.79753
200	685	3.31816
200	777	4.37525
200	827	4.44217
200	926	4.09849
200	994	5.43842
201	25	2.78534
201	254	0.513825
201	320	3.00594
201	467	0.911493
201	509	0.786569
201	714	2.29492
201	838	5.18949
201	921	4.6352
201	961	5.23902
201	977	5.3993
201	999	5.76097
202	85	3.17702
202	89	2.9004
202	98	2.9004
202	120	3.03913
202	140	2.92084
202	249	3.06162
202	298	3.34365
202	330	3.39013
202	474	2.62067
202	490	3.98362
202	629	5.11719
203	531	1.23769
203	713	1.65053
203	779	2.07004
203	786	2.93772
203	824	4.40605
203	833	2.43677
203	879	3.23615
203	919	4.19988
203	950	4.80855
203	963	4.08281
203	986	5.40132
204	500	0.670608
204	652	2.88296
204	742	2.7988
204	829	2.33563
204	836	2.95911
204	855	3.23302
204	872	2.93084
204	903	5.29139
204	921	3.83927
204	977	4.60337
204	999	4.96504
205	308	1.68688
205	331	1.31158
205	655	2.80736
205	711	3.15786
205	730	2.98598
205	822	4.10123
205	824	3.8204
205	826	4.17042
205	847	4.14264
205	873	4.44444
205	950	3.92697
206	208	0.186436
206	635	1.14088
206	685	3.31007
206	710	2.68837
206	726	2.06309
206	831	2.83396
206	858	5.00643
206	927	3.99942
206	974	4.91064
206	983	4.98569
206	985	5.42204
207	144	4.7599
207	328	3.28842
207	496	1.25038
207	698	2.23108
207	719	2.92316
207	793	3.50474
207	797	2.87094
207	814	3.12302
207	891	3.81653
207	915	4.24445
207	925	4.49506
208	185	1.48498
208	206	0.186436
208	334	2.35698
208	505	3.28136
208	513	1.22017
208	898	3.98223
208	899	6.17671
208	904	4.01115
208	927	4.20935
208	942	4.68429
208	953	4.88976
209	228	2.45014
209	247	2.91604
209	329	2.93821
209	359	3.15382
209	454	3.26166
209	466	3.26166
209	480	3.16106
209	522	3.66414
209	546	3.65526
209	748	4.13734
209	867	3.82601
210	96	1.1105
210	513	4.10988
210	583	2.27624
210	684	3.18878
210	701	2.7172
210	741	3.17032
210	823	4.01092
210	830	3.0883
210	835	4.18869
210	856	4.26826
210	862	4.44048
211	291	3.10865
211	348	0.132534
211	439	4.15024
211	446	3.57756
211	610	1.88268
211	892	3.34212
211	901	3.12332
211	955	3.77036
211	978	4.38359
211	980	4.44827
211	990	4.45761
212	21	2.71347
212	107	2.89677
212	342	3.45738
212	384	3.60728
212	434	0.378648
212	523	4.12295
212	534	3.74357
212	580	4.54658
212	589	4.19654
212	595	1.87767
212	849	4.78563
213	141	1.20021
213	218	0.757226
213	451	1.39627
213	515	1.38973
213	575	1.7582
213	805	4.19726
213	910	4.3766
213	939	4.51254
213	959	5.3186
213	984	5.52183
213	995	5.96719
214	146	2.64532
214	167	1.18046
214	195	2.7818
214	253	3.10263
214	316	3.10491
214	416	3.18471
214	428	3.23811
214	452	3.26567
214	459	3.64371
214	493	3.67891
214	995	6.61798
215	5	3.09596
215	18	3.09466
215	74	3.11081
215	116	3.19459
215	129	3.09653
215	131	3.10473
215	235	3.16032
215	283	3.68174
215	772	2.85741
215	832	3.188
215	953	4.91753
216	252	4.66324
216	478	1.75386
216	728	1.09617
216	869	2.65811
216	893	3.18663
216	895	3.13908
216	920	4.63731
216	933	3.77719
216	941	3.90532
216	943	3.84138
216	949	3.93067
217	14	3.6881
217	57	1.17683
217	61	3.01592
217	636	2.60185
217	650	2.96245
217	662	2.59604
217	715	4.22941
217	750	3.78209
217	787	3.81051
217	860	4.30037
217	883	4.31141
218	130	2.70583
218	173	2.80718
218	213	0.757226
218	257	2.84879
218	260	2.91768
218	269	3.25823
218	378	3.32492
218	456	3.83847
218	462	3.83841
218	882	4.04363
218	996	6.17341
219	229	0.0465755
219	696	2.98617
219	737	1.56484
219	769	2.11069
219	777	2.04775
219	960	4.26438
219	965	4.07091
219	969	4.41163
219	981	4.29825
219	991	5.89741
219	998	4.77414
220	80	2.57759
220	108	3.18071
220	241	2.01672
220	288	2.46776
220	403	3.04915
220	551	3.51887
220	570	3.77898
220	607	4.06653
220	609	3.70821
220	638	4.06655
220	897	4.15066
221	187	2.9673
221	255	0.0059538
221	417	0.0168993
221	567	2.60078
221	721	5.38438
221	906	3.30691
221	937	4.03146
221	948	4.23756
221	963	4.50119
221	970	4.60652
221	975	4.83477
222	351	1.86699
222	545	0.341742
222	736	4.59866
222	752	4.52935
222	784	2.23994
222	903	2.91506
222	905	3.41147
222	944	4.25948
222	976	4.05476
222	979	4.18321
222	988	4.13913
223	425	1.05095
223	677	1.72183
223	766	2.53584
223	784	2.62347
223	840	2.14958
223	878	4.00704
223	918	4.33338
223	944	4.64302
223	945	4.06516
223	979	4.56675
223	998	4.87837
224	825	2.00367
224	840	1.41468
224	899	2.49759
224	926	3.89794
224	937	3.14554
224	948	3.35165
224	953	5.06586
224	963	3.61527
224	966	3.87437
224	970	3.72061
224	975	3.94885
225	408	1.77214
225	537	2.0842
225	709	2.43461
225	752	3.12084
225	805	3.33823
225	811	3.13603
225	881	3.83893
225	894	4.1182
225	923	3.83809
225	939	4.83714
225	994	4.037
226	258	3.74145
226	317	0.932279
226	430	1.15003
226	587	1.12715
226	868	3.02573
226	877	3.68699
226	885	3.3312
226	951	4.50912
226	958	4.54084
226	996	5.3208
226	999	4.99193
227	51	3.14051
227	231	3.29636
227	245	3.3154
227	373	3.79873
227	405	3.84859
227	431	3.84858
227	475	4.29286
227	823	2.36167
227	848	1.94051
227	927	3.24281
227	930	3.50903
228	138	2.51978
228	209	2.45014
228	454	3.25711
228	466	3.25711
228	480	3.15651
228	510	3.58968
228	522	3.65959
228	546	3.65071
228	691	2.4909
228	775	3.89352
228	946	4.58709
229	148	1.35456
229	219	0.0465755
229	668	4.32421
229	813	1.77441
229	867	2.5361
229	888	5.23958
229	965	3.91262
229	967	4.26002
229	969	4.25334
229	981	4.13995
229	998	4.61585
230	132	2.94701
230	515	1.86968
230	576	0.500661
230	856	6.13423
230	869	2.70329
230	895	3.18426
230	917	3.61331
230	933	3.82238
230	938	3.87382
230	941	3.9505
230	943	3.88657
231	20	2.78932
231	100	2.30713
231	113	2.81035
231	132	3.47464
231	174	2.89891
231	227	3.29636
231	245	2.9251
231	405	3.45829
231	431	3.45828
231	475	3.90256
231	839	5.16601
232	120	3.30169
232	152	3.7775
232	156	1.89264
232	249	3.32418
232	292	3.63262
232	298	3.60622
232	330	3.6527
232	490	4.24619
232	589	2.28785
232	683	2.45461
232	965	4.38385
233	141	2.62929
233	323	2.49283
233	594	3.09466
233	600	2.88138
233	602	3.50042
233	618	3.50945
233	625	3.24606
233	629	3.18019
233	695	3.63745
233	768	3.91574
233	903	4.46076
234	84	3.32078
234	100	3.30644
234	127	1.39626
234	156	3.39238
234	333	3.87532
234	346	3.86619
234	383	3.86429
234	410	3.91713
234	440	0.919955
234	881	3.90298
234	947	4.63778
235	5	3.01236
235	18	3.01106
235	74	3.02721
235	116	3.11099
235	129	3.01294
235	215	3.16032
235	283	3.59814
235	320	3.60521
235	554	3.20074
235	761	2.7563
235	874	5.03891
236	256	0.100078
236	279	2.40818
236	521	2.92289
236	844	2.64537
236	893	3.39195
236	895	3.34439
236	917	3.77344
236	938	4.03395
236	941	4.11063
236	948	5.73504
236	949	4.13599
237	567	2.84012
237	770	1.24886
237	775	4.53956
237	853	2.16875
237	864	3.53007
237	920	3.30146
237	928	3.27488
237	936	3.60233
237	956	3.72702
237	968	3.96723
237	982	4.24423
238	155	0.069001
238	374	1.90317
238	759	1.15421
238	790	1.40385
238	895	3.93071
238	934	3.9741
238	947	4.20114
238	973	4.77283
238	989	4.92789
238	991	5.06593
238	992	5.15791
239	8	2.47392
239	60	2.54372
239	370	2.67493
239	419	3.04329
239	434	3.52784
239	481	3.65046
239	483	3.60117
239	558	3.9059
239	602	2.48128
239	648	4.02468
239	705	4.40249
240	181	1.91869
240	350	0.165467
240	641	3.46518
240	771	5.54201
240	786	2.18259
240	876	2.33804
240	919	3.44475
240	950	4.05342
240	962	4.23288
240	986	4.64619
240	992	4.47914
241	220	2.01672
241	403	2.29456
241	458	2.88785
241	473	5.51295
241	482	5.49519
241	520	2.79204
241	567	2.95191
241	570	3.0244
241	596	2.95176
241	607	3.31194
241	638	3.31197
242	72	1.17925
242	147	2.39873
242	256	3.19445
242	325	2.15578
242	620	3.26697
242	694	3.48249
242	708	3.78879
242	724	3.84123
242	736	3.91405
242	743	3.91408
242	876	5.34706
243	198	2.45191
243	280	1.38108
243	517	1.44381
243	587	3.25986
243	678	2.79292
243	752	3.12325
243	874	3.8714
243	894	4.1206
243	904	5.38875
243	907	4.46481
243	912	4.44978
243	939	4.83955
244	88	3.33234
244	101	2.95698
244	154	2.55332
244	372	3.89507
244	389	0.97179
244	530	3.23546
244	560	4.56026
244	564	4.47282
244	595	4.92338
244	666	4.95694
244	816	2.49777
244	938	3.22687
245	18	2.90381
245	20	2.80836
245	113	2.82939
245	174	2.91795
245	227	3.3154
245	231	2.9251
245	373	3.42747
245	390	4.36808
245	405	3.47732
245	431	3.47732
245	475	3.9216
245	500	5.27611
246	54	0.00577437
246	81	2.51378
246	291	0.0294055
246	596	4.38424
246	715	5.61311
246	922	3.67223
246	934	3.67253
246	947	3.89957
246	954	4.01681
246	973	4.47126
246	989	4.62633
246	991	4.76436
247	33	2.3142
247	209	2.91604
247	355	2.99011
247	411	2.87004
247	485	3.09091
247	491	3.11196
247	535	3.39204
247	577	3.52734
247	601	4.75491
247	637	3.90366
247	642	3.90367
247	817	4.81591
248	252	4.21178
248	381	1.5675
